1 1 1 91.967715 43.355169 98.219392 46.062795 0.000000 0.000000 119.321415 57.035466 14.046001 4.443052 1000.000000 1000.000000
1 1 2 88.295841 52.833113 308.814962 140.056786 309.360155 140.322157 116.961957 64.268290 67.391404 30.798772 68.191608 31.170348
1 1 3 87.579556 45.254759 100.340157 45.390941 0.000000 0.000000 114.595779 57.035383 18.829483 5.994380 1000.000000 1000.000000
1 1 4 0.000000 43.833608 821.045596 348.826487 821.042237 348.825138 20.000000 57.053472 1000.000000 41.313822 1000.000000 41.310587
1 1 5 0.000000 0.000000 1569.121593 671.697407 1569.153776 671.700123 20.000000 10.000000 1000.000000 1000.000000 1000.000000 1000.000000
1 1 6 93.454365 45.150967 103.737619 44.614182 0.000000 0.000000 121.684165 57.035371 14.444000 4.821147 1000.000000 1000.000000
1 1 7 96.818120 50.525570 316.160874 138.676188 316.166715 138.677308 126.409909 63.534895 68.422645 30.484103 68.418996 30.483999
1 1 8 89.354314 50.550610 193.685063 81.983426 193.686672 81.984307 116.958630 62.811191 44.945138 17.377240 44.944869 17.377549
1 1 9 0.000000 0.000000 0.000000 0.000000 0.000000 0.000000 20.000000 10.000000 1000.000000 1000.000000 1000.000000 1000.000000
1 2 1 0.000000 0.000000 0.000000 0.000000 0.000000 0.000000 20.000000 10.000000 1000.000000 1000.000000 1000.000000 1000.000000
1 2 2 96.085189 35.501421 109.492145 48.024379 109.493135 48.021977 126.409771 51.981595 14.647711 4.943467 14.648647 4.942400
1 2 3 0.000000 0.000000 0.000000 0.000000 0.000000 0.000000 20.000000 10.000000 1000.000000 1000.000000 1000.000000 1000.000000
1 2 4 0.000000 0.000000 525.381827 230.337626 525.395161 230.344354 20.000000 10.000000 1000.000000 1000.000000 1000.000000 1000.000000
1 2 5 0.000000 43.833608 516.462698 218.806332 516.483328 218.818252 20.000000 57.053472 1000.000000 27.448764 1000.000000 27.425927
1 2 6 0.000000 0.000000 0.000000 0.000000 0.000000 0.000000 20.000000 10.000000 1000.000000 1000.000000 1000.000000 1000.000000
1 2 7 0.000000 0.000000 435.273115 185.023162 435.276261 185.021240 20.000000 10.000000 1000.000000 1000.000000 1000.000000 1000.000000
1 2 8 78.074146 46.988648 252.553822 105.827581 252.571257 105.822625 101.604646 61.367473 46.299757 19.643399 46.238667 19.636431
1 2 9 86.925060 39.125635 93.000582 0.000000 0.000000 0.000000 113.414438 52.015410 6.795011 24.820465 1000.000000 1000.000000
2 1 1 0.000000 0.000000 1505.873608 651.271447 1505.868513 651.269934 20.000000 10.000000 1000.000000 1000.000000 1000.000000 1000.000000
2 1 2 0.000000 0.000000 1535.020990 666.413459 1535.020260 666.413480 20.000000 10.000000 1000.000000 1000.000000 1000.000000 1000.000000
2 1 3 92.176415 36.491341 0.059616 42.873981 2862.296813 46.854085 121.684203 51.259793 34.227254 4.232343 198.062919 9.523296
2 1 4 96.569756 44.143250 116.285937 50.902800 116.287345 50.903015 125.228363 57.035354 19.231733 6.925025 19.227639 6.925114
2 1 5 0.000000 0.000000 3310.853317 1436.828302 3310.850853 1436.827188 20.000000 10.000000 1000.000000 1000.000000 1000.000000 1000.000000
2 1 6 78.983235 39.944725 2677.412802 1170.355720 2677.418588 1170.357629 102.785996 52.001465 153.264319 70.150072 153.259949 70.149066
2 1 7 98.410351 43.860154 104.731092 46.980231 104.724226 46.978154 127.591223 57.035408 18.159404 5.866694 18.163132 5.862965
2 1 8 0.000000 40.500279 516.263179 220.737073 516.267974 220.715284 20.000000 52.723160 1000.000000 34.283076 1000.000000 34.344313
2 1 9 90.498037 42.951854 185.098135 84.019617 185.108102 83.980751 118.139989 57.035418 49.881663 20.184657 49.897841 20.677253
2 1 10 89.892309 40.500279 2413.132944 1055.221537 2413.129200 1055.225633 116.962279 52.723160 144.714616 66.323738 144.706543 66.313522
2 1 11 92.514557 49.873336 250.192770 106.045595 250.196015 106.046984 120.503166 62.812458 57.165102 22.891320 57.165555 22.891405
2 1 12 91.185490 53.514055 134.164303 57.251116 134.139189 56.727729 119.321365 62.811091 32.725551 11.102766 32.688765 10.344855
2 1 13 90.349720 37.324117 0.042440 1.549526 0.000000 0.000000 119.321418 51.981774 11.213272 14.415808 1000.000000 1000.000000
2 1 14 0.000000 0.000000 0.000000 0.000000 0.000000 0.000000 20.000000 10.000000 1000.000000 1000.000000 1000.000000 1000.000000
2 1 15 94.465945 52.698907 120.535282 52.850391 0.000000 0.000000 122.865561 62.811088 21.015384 7.576098 1000.000000 1000.000000
2 1 16 0.000000 0.000000 0.000000 0.000000 0.000000 0.000000 20.000000 10.000000 1000.000000 1000.000000 1000.000000 1000.000000
2 1 17 0.000000 0.000000 0.000000 0.000000 0.000000 0.000000 20.000000 10.000000 1000.000000 1000.000000 1000.000000 1000.000000
2 1 18 0.000000 0.000000 0.000000 0.000000 0.000000 0.000000 20.000000 10.000000 1000.000000 1000.000000 1000.000000 1000.000000
2 1 19 0.000000 0.000000 0.000000 0.000000 0.000000 0.000000 20.000000 10.000000 1000.000000 1000.000000 1000.000000 1000.000000
2 1 20 92.929862 37.811098 107.627829 46.560885 107.482228 43.337151 121.684178 51.981626 20.298117 6.640466 19.924884 2.838091
2 2 1 0.000000 0.000000 640.444056 273.461201 640.434643 273.456643 20.000000 10.000000 1000.000000 1000.000000 1000.000000 1000.000000
2 2 2 0.000000 48.278046 1022.561849 444.804238 1022.557901 444.800524 20.000000 62.827540 1000.000000 48.918092 1000.000000 48.923173
2 2 3 96.916548 37.228261 107.346401 44.356932 106.451534 43.072258 126.409768 51.981600 13.298600 4.046064 13.366661 9.208713
2 2 4 0.000000 45.850196 276.496591 115.568259 276.238520 115.502050 20.000000 61.407368 1000.000000 19.792448 1000.000000 19.702910
2 2 5 0.000000 0.000000 2191.304763 970.895306 2191.304785 970.895369 20.000000 10.000000 1000.000000 1000.000000 1000.000000 1000.000000
2 2 6 0.000000 0.000000 1959.238350 862.229656 1959.241921 862.235714 20.000000 10.000000 1000.000000 1000.000000 1000.000000 1000.000000
2 2 7 0.000000 43.833608 975.326795 428.009861 975.398852 428.279161 20.000000 57.053472 1000.000000 33.905171 1000.000000 33.182768
2 2 8 0.000000 0.000000 2141.810017 928.229471 2141.810095 928.229469 20.000000 10.000000 1000.000000 1000.000000 1000.000000 1000.000000
2 2 9 95.346847 41.055834 385.014691 170.412169 384.997350 170.396193 124.050464 53.444862 59.441468 26.969467 59.488371 26.987251
2 2 10 0.000000 0.000000 403.481158 196.464897 403.483783 196.467128 20.000000 10.000000 1000.000000 1000.000000 1000.000000 1000.000000
2 2 11 0.000000 0.000000 438.045178 182.761736 438.068548 182.776925 20.000000 10.000000 1000.000000 1000.000000 1000.000000 1000.000000
2 2 12 0.000000 0.000000 439.329480 186.106712 439.325403 186.057000 20.000000 10.000000 1000.000000 1000.000000 1000.000000 1000.000000
2 2 13 92.281793 39.471582 98.655644 41.295101 0.000000 0.000000 119.321425 51.981832 9.513487 3.838010 1000.000000 1000.000000
2 2 14 0.000000 0.000000 0.000000 0.000000 0.000000 0.000000 20.000000 10.000000 1000.000000 1000.000000 1000.000000 1000.000000
2 2 15 0.000000 0.000000 84.655196 42.602457 0.000000 0.000000 20.000000 10.000000 1000.000000 1000.000000 1000.000000 1000.000000
2 2 16 0.000000 0.000000 0.000000 0.000000 0.000000 0.000000 20.000000 10.000000 1000.000000 1000.000000 1000.000000 1000.000000
2 2 17 87.649092 35.781813 101.893843 44.151635 0.000000 0.000000 114.595787 51.982182 16.516390 4.472599 1000.000000 1000.000000
2 2 18 0.000000 0.000000 0.000000 0.000000 0.000000 0.000000 20.000000 10.000000 1000.000000 1000.000000 1000.000000 1000.000000
2 2 19 0.000000 0.000000 0.000000 0.000000 0.000000 0.000000 20.000000 10.000000 1000.000000 1000.000000 1000.000000 1000.000000
2 2 20 87.522758 39.056442 100.946813 42.007121 95.452540 36.472618 114.595764 51.981609 11.423801 3.605240 6.335486 8.680932
3 1 1 0.000000 0.000000 640.300305 278.360612 637.824263 278.028002 20.000000 10.000000 1000.000000 1000.000000 1000.000000 1000.000000
3 1 2 0.000000 0.000000 613.128971 262.534402 0.000000 0.000000 20.000000 10.000000 1000.000000 1000.000000 1000.000000 1000.000000
3 1 3 93.968175 48.236952 275.293295 116.614924 275.235858 117.862650 122.865823 62.811311 56.461273 24.448067 57.553079 24.987772
3 1 4 0.000000 0.000000 2470.166847 1068.738966 2470.166840 1068.738962 20.000000 10.000000 1000.000000 1000.000000 1000.000000 1000.000000
3 1 5 98.983207 41.608980 3614.662919 1565.386490 3614.662901 1565.387027 128.775933 54.167841 161.940225 35.651466 161.940540 35.651247
3 1 6 98.190439 50.537890 216.971062 92.998600 216.968218 92.998018 126.409841 62.811439 49.655638 19.155924 49.654620 19.155875
3 1 7 0.000000 48.278046 3023.131992 1301.439865 3023.132223 1301.439734 20.000000 62.827540 1000.000000 67.276917 1000.000000 67.276827
3 1 8 94.557727 37.299614 119.719504 49.060682 119.719866 49.061005 124.046961 51.981595 22.222656 7.078578 22.222649 7.078764
3 1 9 0.000000 0.000000 0.000000 0.000000 0.000000 0.000000 20.000000 10.000000 1000.000000 1000.000000 1000.000000 1000.000000
3 2 1 91.424095 39.013259 103.188773 43.662360 103.189137 43.662379 119.321521 51.981646 9.655200 2.408181 9.655606 2.408178
3 2 2 0.000000 0.000000 0.000000 0.000000 0.000000 0.000000 20.000000 10.000000 1000.000000 1000.000000 1000.000000 1000.000000
3 2 3 92.046377 37.384137 99.465322 43.062399 99.466239 43.062291 119.321428 51.981882 9.324942 3.071029 9.324791 3.071033
3 2 4 0.000000 0.000000 1107.983891 471.530278 1107.997936 471.535991 20.000000 10.000000 1000.000000 1000.000000 1000.000000 1000.000000
3 2 5 0.000000 0.000000 928.743513 390.724893 928.747367 390.725410 20.000000 10.000000 1000.000000 1000.000000 1000.000000 1000.000000
3 2 6 97.010088 48.245344 209.599301 87.877672 209.582021 87.871038 126.416807 62.812768 36.287621 15.289195 36.286650 15.290431
3 2 7 0.000000 49.389156 1446.384924 620.069411 1446.406695 620.073760 20.000000 64.271104 1000.000000 43.551968 1000.000000 43.538793
3 2 8 0.000000 49.495798 263.614726 110.306560 263.824087 110.306210 20.000000 63.537340 1000.000000 19.441586 1000.000000 19.367348
3 2 9 91.827871 39.870835 102.754929 43.537148 0.000000 0.000000 119.321496 51.981584 11.211878 2.584822 1000.000000 1000.000000
4 1 1 0.000000 0.000000 1596.686419 700.927585 1596.421580 701.071856 20.000000 10.000000 1000.000000 1000.000000 1000.000000 1000.000000
4 1 2 92.057843 51.408697 192.287759 82.412640 192.251805 82.400651 121.684179 62.811195 47.361295 18.306822 47.350090 18.302880
4 1 3 0.000000 0.000000 573.654849 243.156760 573.461377 243.106955 20.000000 10.000000 1000.000000 1000.000000 1000.000000 1000.000000
4 1 4 0.000000 0.000000 2168.518481 955.715256 2176.593994 961.099174 20.000000 10.000000 1000.000000 1000.000000 1000.000000 1000.000000
4 1 5 95.346847 41.053426 1697.496422 734.554007 1697.507934 734.559122 124.050464 53.446150 135.793067 61.175009 135.778699 61.167410
4 1 6 97.165027 40.500279 345.665890 151.558674 345.672761 151.573234 126.413197 52.723160 70.266532 31.130949 70.063176 31.067208
4 1 7 92.860462 44.043262 108.627678 49.829438 108.627577 49.829475 121.684161 57.035374 20.251465 7.633931 20.251409 7.633939
4 1 8 0.000000 0.000000 520.883102 224.063542 520.894926 224.069756 20.000000 10.000000 1000.000000 1000.000000 1000.000000 1000.000000
4 1 9 85.854818 50.571816 294.034263 123.625109 294.028941 123.627292 113.431265 64.259419 65.969101 28.665862 65.962066 28.655488
4 1 10 91.660136 38.041204 0.018028 43.052314 100.215458 42.662740 119.321371 51.981647 15.461519 4.101684 10.643133 3.713671
4 1 11 85.117750 40.163533 0.001255 0.007664 97.433267 50.290659 111.051946 53.425693 405.509619 186.361380 22.720061 27.485196
4 1 12 89.578583 37.662065 102.342866 44.172531 102.343232 44.173726 116.958567 51.981606 18.126819 4.640497 18.127530 4.641433
4 1 13 0.000000 0.000000 0.000000 0.000000 0.000000 0.000000 20.000000 10.000000 1000.000000 1000.000000 1000.000000 1000.000000
4 1 14 0.000000 0.000000 0.000000 0.000000 0.000000 0.000000 20.000000 10.000000 1000.000000 1000.000000 1000.000000 1000.000000
4 1 15 0.000000 0.000000 0.000000 0.000000 0.000000 0.000000 20.000000 10.000000 1000.000000 1000.000000 1000.000000 1000.000000
4 1 16 0.000000 47.317972 107.023453 46.274924 96.119545 45.178017 20.000000 59.923961 1000.000000 9.417578 1000.000000 4.595257
4 1 17 0.000000 0.000000 0.000000 0.000000 0.000000 0.000000 20.000000 10.000000 1000.000000 1000.000000 1000.000000 1000.000000
4 1 18 0.000000 0.000000 0.000000 0.000000 0.000000 0.000000 20.000000 10.000000 1000.000000 1000.000000 1000.000000 1000.000000
4 1 19 0.000000 0.000000 0.000000 43.318074 0.000000 0.000000 20.000000 10.000000 1000.000000 1000.000000 1000.000000 1000.000000
4 1 20 0.000000 0.000000 0.000000 0.000000 0.000000 0.000000 20.000000 10.000000 1000.000000 1000.000000 1000.000000 1000.000000
4 2 1 92.057741 31.887851 99.202728 41.815365 99.194180 41.819084 120.502763 46.927838 11.108654 3.834816 11.057433 3.832102
4 2 2 97.143129 49.766106 208.515986 90.884116 208.497915 90.875760 127.591378 62.811502 42.955378 19.703448 42.993280 19.718633
4 2 3 97.144754 52.042667 133.267282 56.237503 133.262647 56.236124 128.772629 62.811113 22.275041 7.986447 22.273071 7.985923
4 2 4 91.682133 39.548703 45.486157 9.447931 100.438723 41.899674 120.502806 51.981620 18.571036 14.456714 8.091158 3.031723
4 2 5 0.000000 48.278046 322.994672 137.919714 323.004262 137.921605 20.000000 62.819312 1000.000000 23.522045 1000.000000 23.517025
4 2 6 97.100965 52.095677 136.106588 56.903715 136.107146 56.904392 126.409766 62.811127 23.111827 8.684909 23.111952 8.685133
4 2 7 0.000000 0.000000 793.240960 349.984888 792.606023 349.792660 20.000000 10.000000 1000.000000 1000.000000 1000.000000 1000.000000
4 2 8 82.619592 38.833616 785.254022 332.954812 785.250764 332.949819 107.511409 50.558099 73.706573 32.427657 73.685291 32.420612
4 2 9 98.074117 47.687801 255.506484 108.432723 255.511301 108.435375 127.594565 62.815358 48.517356 21.212760 48.514964 21.213079
4 2 10 0.000000 0.000000 378.077129 159.323533 378.671873 159.711934 20.000000 10.000000 1000.000000 1000.000000 1000.000000 1000.000000
4 2 11 98.423058 50.862269 153.032962 67.335519 139.251638 64.203311 128.772585 62.811123 31.409904 12.362992 32.162560 15.353339
4 2 12 0.000000 42.166943 762.983555 321.386984 762.812319 321.298551 20.000000 54.888287 1000.000000 32.389345 1000.000000 32.373135
4 2 13 95.696897 38.103840 46.516993 3.627873 0.000000 0.000000 124.047076 51.981855 99.994289 21.666822 1000.000000 1000.000000
4 2 14 0.000000 0.000000 0.000000 0.000000 0.000000 0.000000 20.000000 10.000000 1000.000000 1000.000000 1000.000000 1000.000000
4 2 15 0.000000 0.000000 0.000000 0.000000 0.000000 0.000000 20.000000 10.000000 1000.000000 1000.000000 1000.000000 1000.000000
4 2 16 89.012096 50.766411 166.355196 71.887375 159.089781 62.324159 116.958592 62.811115 35.312897 13.379487 37.977888 17.723503
4 2 17 0.000000 0.000000 0.000000 0.000000 0.000000 0.000000 20.000000 10.000000 1000.000000 1000.000000 1000.000000 1000.000000
4 2 18 0.000000 0.000000 0.000000 0.000000 0.000000 0.000000 20.000000 10.000000 1000.000000 1000.000000 1000.000000 1000.000000
4 2 19 0.000000 0.000000 136.060606 0.000001 0.000000 0.000000 20.000000 10.000000 1000.000000 1000.000000 1000.000000 1000.000000
4 2 20 97.479524 36.447177 106.398376 43.757816 0.000000 0.000000 128.772772 51.981603 11.063257 3.242190 1000.000000 1000.000000
5 1 1 97.765845 50.605090 172.249333 75.770456 0.000000 0.000000 128.772721 62.811163 37.189427 14.614888 1000.000000 1000.000000
5 1 2 0.000000 0.000000 421.081634 182.604397 412.464944 183.163738 20.000000 10.000000 1000.000000 1000.000000 1000.000000 1000.000000
5 1 3 0.000000 43.831199 425.762850 181.929874 0.000000 0.000000 20.000000 57.054679 1000.000000 31.357341 1000.000000 1000.000000
5 1 4 0.000000 0.000000 1843.880729 805.556939 0.000000 0.000000 20.000000 10.000000 1000.000000 1000.000000 1000.000000 1000.000000
5 1 5 0.000000 0.000000 375.019660 159.107544 375.032000 159.115351 20.000000 10.000000 1000.000000 1000.000000 1000.000000 1000.000000
5 1 6 0.000000 0.000000 2348.435818 1013.375393 0.000000 0.000000 20.000000 10.000000 1000.000000 1000.000000 1000.000000 1000.000000
5 1 7 0.000000 46.055827 1613.361124 689.251113 1613.325944 689.236191 20.000000 59.940466 1000.000000 49.543039 1000.000000 49.541364
5 1 8 95.623623 43.369015 107.800842 46.333015 107.804905 46.333853 125.228376 57.035362 16.642965 4.971368 16.642108 4.971929
5 1 9 0.000000 0.000000 0.000000 0.000000 0.000000 0.000000 20.000000 10.000000 1000.000000 1000.000000 1000.000000 1000.000000
5 2 1 0.000000 0.000000 0.000000 0.000000 0.000000 0.000000 20.000000 10.000000 1000.000000 1000.000000 1000.000000 1000.000000
5 2 2 0.000000 0.000000 75.733497 55.569541 90.899391 41.409952 20.000000 10.000000 1000.000000 1000.000000 1000.000000 1000.000000
5 2 3 0.000000 0.000000 0.000000 0.000000 0.000000 0.000000 20.000000 10.000000 1000.000000 1000.000000 1000.000000 1000.000000
5 2 4 0.000000 0.000000 0.000000 0.000000 0.000000 0.000000 20.000000 10.000000 1000.000000 1000.000000 1000.000000 1000.000000
5 2 5 92.679304 49.706719 225.897547 95.298213 225.898230 95.298426 122.867436 62.812112 44.954984 18.483046 44.955478 18.483124
5 2 6 0.000000 0.000000 0.000000 0.000000 0.000000 0.000000 20.000000 10.000000 1000.000000 1000.000000 1000.000000 1000.000000
5 2 7 96.659457 50.336529 166.192081 70.190040 166.193654 70.190066 128.772925 62.811172 31.111056 12.341153 31.111584 12.341173
5 2 8 0.000000 0.000000 831.796789 360.517013 833.366334 361.193085 20.000000 10.000000 1000.000000 1000.000000 1000.000000 1000.000000
5 2 9 0.000000 0.000000 0.000000 0.000000 0.000000 0.000000 20.000000 10.000000 1000.000000 1000.000000 1000.000000 1000.000000
6 1 1 0.000000 0.000000 139.709172 0.000000 0.000000 0.000000 20.000000 10.000000 1000.000000 0.000000 1000.000000 1000.000000
6 1 2 0.000000 0.000000 0.000000 0.000000 0.000000 0.000000 20.000000 10.000000 1000.000000 1000.000000 1000.000000 1000.000000
6 1 3 0.000000 0.000000 0.000000 0.000000 0.000000 0.000000 20.000000 10.000000 1000.000000 1000.000000 1000.000000 1000.000000
6 1 4 94.945951 39.841472 267.382988 0.183180 0.000000 0.000000 124.047044 51.981598 71.446802 19.458750 1000.000000 1000.000000
6 1 5 98.004410 42.440784 159.443775 67.723199 159.347446 67.495820 128.772626 57.035387 36.052561 14.100579 36.679892 14.223597
6 1 6 0.000000 0.000000 0.000000 0.000000 0.000000 0.000000 20.000000 10.000000 1000.000000 1000.000000 1000.000000 1000.000000
6 1 7 0.000000 0.000000 0.000000 0.000000 0.000000 0.000000 20.000000 10.000000 1000.000000 1000.000000 1000.000000 1000.000000
6 1 8 92.951761 44.189330 112.312705 50.831218 112.232445 50.893834 121.684161 57.035365 21.171856 7.588542 21.133700 7.660724
6 1 9 0.000000 0.000000 0.000000 0.000000 0.000000 0.000000 20.000000 10.000000 1000.000000 1000.000000 1000.000000 1000.000000
6 1 10 0.000000 0.000000 0.000000 0.000000 0.000000 0.000000 20.000000 10.000000 1000.000000 1000.000000 1000.000000 1000.000000
6 1 11 0.000000 0.000000 0.000000 0.000000 0.000000 0.000000 20.000000 10.000000 1000.000000 1000.000000 1000.000000 1000.000000
6 1 12 0.000000 0.000000 0.000000 0.000000 0.000000 0.000000 20.000000 10.000000 1000.000000 1000.000000 1000.000000 1000.000000
6 1 13 0.000000 0.000000 0.000000 0.000000 0.000000 0.000000 20.000000 10.000000 1000.000000 1000.000000 1000.000000 1000.000000
6 1 14 0.000000 0.000000 0.000000 0.000000 0.000000 0.000000 20.000000 10.000000 1000.000000 1000.000000 1000.000000 1000.000000
6 1 15 0.000000 0.000000 0.000000 0.000000 0.000000 0.000000 20.000000 10.000000 1000.000000 1000.000000 1000.000000 1000.000000
6 1 16 0.000000 0.000000 0.000000 0.000000 0.000000 0.000000 20.000000 10.000000 1000.000000 1000.000000 1000.000000 1000.000000
6 1 17 0.000000 0.000000 0.000000 0.000000 0.000000 0.000000 20.000000 10.000000 1000.000000 1000.000000 1000.000000 1000.000000
6 1 18 0.000000 0.000000 0.000000 0.000000 0.000000 0.000000 20.000000 10.000000 1000.000000 1000.000000 1000.000000 1000.000000
6 1 19 0.000000 0.000000 0.000000 0.000000 0.000000 0.000000 20.000000 10.000000 1000.000000 1000.000000 1000.000000 1000.000000
6 1 20 0.000000 0.000000 0.000000 0.000000 0.000000 0.000000 20.000000 10.000000 1000.000000 1000.000000 1000.000000 1000.000000
6 2 1 0.000000 0.000000 0.000000 0.000000 0.000000 0.000000 20.000000 10.000000 1000.000000 1000.000000 1000.000000 1000.000000
6 2 2 0.000000 0.000000 0.000000 0.000000 0.000000 0.000000 20.000000 10.000000 1000.000000 1000.000000 1000.000000 1000.000000
6 2 3 0.000000 0.000000 0.000000 0.000000 0.000000 0.000000 20.000000 10.000000 1000.000000 1000.000000 1000.000000 1000.000000
6 2 4 0.000000 0.000000 147.714286 66.464286 0.000000 0.000000 20.000000 10.000000 1000.000000 1000.000000 1000.000000 1000.000000
6 2 5 98.317261 37.217854 108.389800 43.962825 108.297449 43.937719 127.591164 51.981599 13.690975 3.997201 13.664945 3.970868
6 2 6 0.000000 0.000000 0.000000 0.000000 0.000000 0.000000 20.000000 10.000000 1000.000000 1000.000000 1000.000000 1000.000000
6 2 7 0.000000 0.000000 0.000000 0.000000 0.000000 0.000000 20.000000 10.000000 1000.000000 1000.000000 1000.000000 1000.000000
6 2 8 97.906230 42.724930 149.563142 64.775117 149.203265 64.383680 127.591174 57.035383 30.575864 12.576201 31.922470 12.292918
6 2 9 92.067983 40.000000 110.841095 46.847236 0.000000 0.000000 120.502763 51.981588 15.644556 5.259560 1000.000000 1000.000000
6 2 10 0.000000 0.000000 0.000000 0.000000 0.000000 0.000000 20.000000 10.000000 1000.000000 1000.000000 1000.000000 1000.000000
6 2 11 0.000000 0.000000 0.000000 0.000000 0.000000 0.000000 20.000000 10.000000 1000.000000 1000.000000 1000.000000 1000.000000
6 2 12 96.256468 48.333333 128.406505 55.007636 0.000000 0.000000 126.410010 62.811085 13.518118 5.325464 1000.000000 1000.000000
6 2 13 95.778252 39.768831 95.666146 43.690476 0.000000 0.000000 124.047090 51.981640 7.689172 14.501076 1000.000000 1000.000000
6 2 14 0.000000 0.000000 0.000000 0.000000 0.000000 0.000000 20.000000 10.000000 1000.000000 1000.000000 1000.000000 1000.000000
6 2 15 0.000000 0.000000 0.000000 0.000000 0.000000 0.000000 20.000000 10.000000 1000.000000 1000.000000 1000.000000 1000.000000
6 2 16 0.000000 0.000000 0.000000 0.000000 0.000000 0.000000 20.000000 10.000000 1000.000000 1000.000000 1000.000000 1000.000000
6 2 17 0.000000 0.000000 0.000000 0.000000 0.000000 0.000000 20.000000 10.000000 1000.000000 1000.000000 1000.000000 1000.000000
6 2 18 0.000000 0.000000 0.000000 0.000000 0.000000 0.000000 20.000000 10.000000 1000.000000 1000.000000 1000.000000 1000.000000
6 2 19 0.000000 0.000000 0.000000 0.000000 0.000000 0.000000 20.000000 10.000000 1000.000000 1000.000000 1000.000000 1000.000000
6 2 20 96.746157 39.607517 106.256366 43.887359 0.000000 0.000000 127.591263 51.981583 11.362136 2.779834 1000.000000 1000.000000
7 1 1 88.765007 37.331883 105.502633 45.515422 0.000000 0.000000 115.777166 51.981602 18.021677 5.023240 1000.000000 1000.000000
7 1 2 0.000000 0.000000 597.164594 272.254205 569.941595 264.956490 20.000000 10.000000 1000.000000 1000.000000 1000.000000 1000.000000
7 1 3 0.000000 0.000000 3227.693377 0.876673 0.000000 0.000000 20.000000 10.000000 1000.000000 1000.000000 1000.000000 1000.000000
7 1 4 97.165027 43.278053 435.425090 194.412620 431.994311 194.990896 126.413197 56.331738 71.811825 32.546364 71.140603 31.338589
7 1 5 0.000000 0.000000 2668.445506 1155.905934 2668.450689 1155.909537 20.000000 10.000000 1000.000000 1000.000000 1000.000000 1000.000000
7 1 6 97.351011 35.033545 125.020697 55.949745 122.488609 54.398768 128.772587 51.981611 24.744925 8.565463 23.644299 12.557978
7 1 7 0.000000 0.000000 574.124414 259.780068 574.134273 259.786630 20.000000 10.000000 1000.000000 1000.000000 1000.000000 1000.000000
7 1 8 98.870089 51.334814 188.009402 81.847595 188.008362 81.847543 128.772637 62.811144 43.809924 16.910232 43.809624 16.910209
7 1 9 0.000000 0.000000 0.000000 0.000000 0.000000 0.000000 20.000000 10.000000 1000.000000 1000.000000 1000.000000 1000.000000
7 2 1 0.000000 0.000000 0.000000 0.000000 0.000000 0.000000 20.000000 10.000000 1000.000000 1000.000000 1000.000000 1000.000000
7 2 2 0.000000 0.000000 168.119658 77.414530 114.789644 0.001013 20.000000 10.000000 1000.000000 1000.000000 1000.000000 1000.000000
7 2 3 0.000000 0.000000 0.000000 0.000000 0.000000 0.000000 20.000000 10.000000 1000.000000 1000.000000 1000.000000 1000.000000
7 2 4 90.718229 36.888814 0.870337 44.255265 94.267659 43.939060 119.321470 51.981748 116.789481 5.231989 8.929589 2.093571
7 2 5 0.000000 0.000000 480.700198 203.015562 480.707102 203.028256 20.000000 10.000000 1000.000000 1000.000000 1000.000000 1000.000000
7 2 6 87.536556 39.330043 93.058045 0.000001 93.134584 41.800349 114.595775 51.981621 10.457511 29.246064 10.303752 3.627344
7 2 7 0.000000 0.000000 803.688757 361.614067 803.700790 361.616644 20.000000 10.000000 1000.000000 1000.000000 1000.000000 1000.000000
7 2 8 98.983207 47.722491 1711.719707 814.610117 1711.830531 814.554874 128.775933 62.105765 142.159705 60.463811 141.943131 60.486431
7 2 9 89.317036 40.001563 97.308807 41.293044 0.000000 0.000000 115.777359 51.981634 8.350817 3.804777 1000.000000 1000.000000
8 1 1 0.000000 0.000000 2404.535698 1099.172495 2230.644601 1104.741431 20.000000 10.000000 1000.000000 1000.000000 1000.000000 1000.000000
8 1 2 88.983219 40.500279 2517.867394 1096.085580 2517.897415 1096.139056 115.780917 52.723160 143.531574 65.107805 143.434744 65.067695
8 1 3 96.112271 50.772900 207.056898 87.189201 207.021801 87.188258 127.591400 62.811313 45.241321 21.086335 45.238592 21.072858
8 1 4 93.714668 37.657826 344.118738 12.722742 0.000000 0.000000 121.684200 51.981695 264.226090 5.948153 1000.000000 1000.000000
8 1 5 88.074120 39.386735 3231.229909 1403.162583 3231.229298 1403.162611 114.599557 51.281141 154.700335 69.798960 154.700612 69.798985
8 1 6 83.528682 46.560363 312.741997 135.743558 312.754925 135.748385 108.692764 60.660846 63.464393 27.991241 63.451409 27.986767
8 1 7 90.217970 44.115382 3.643360 1.452827 99.364997 43.931548 119.321387 57.035429 15.774275 12.387975 10.547490 2.865003
8 1 8 94.776385 44.474244 109.811604 48.034373 110.224518 47.727890 122.865564 57.035366 21.326089 6.835689 21.585295 6.730823
8 1 9 87.758814 47.968621 268.374740 116.920789 268.371697 116.919732 115.777405 62.811097 57.955555 26.183085 57.954313 26.182514
8 1 10 84.772230 38.641348 95.482021 43.493942 95.481934 43.493957 111.051585 51.981629 12.580247 4.628269 12.580164 4.628295
8 1 11 92.336695 34.587345 141.501682 58.628569 141.495342 58.571408 120.502763 51.981613 29.998892 10.170569 29.992481 10.092988
8 1 12 91.041973 45.064586 103.365601 46.053876 103.087178 45.521276 119.321379 57.035362 16.080070 5.294133 15.611656 4.824561
8 1 13 0.000000 0.000000 0.000000 0.000000 0.000000 0.000000 20.000000 10.000000 1000.000000 1000.000000 1000.000000 1000.000000
8 1 14 0.000000 0.000000 0.000000 0.000000 0.000000 0.000000 20.000000 10.000000 1000.000000 1000.000000 1000.000000 1000.000000
8 1 15 0.000000 0.000000 0.000000 0.000000 0.000000 0.000000 20.000000 10.000000 1000.000000 1000.000000 1000.000000 1000.000000
8 1 16 0.000000 0.000000 0.000000 0.000000 0.000000 0.000000 20.000000 10.000000 1000.000000 1000.000000 1000.000000 1000.000000
8 1 17 0.000000 0.000000 0.000000 0.000000 0.000000 0.000000 20.000000 10.000000 1000.000000 1000.000000 1000.000000 1000.000000
8 1 18 0.000000 0.000000 0.000000 0.000000 0.000000 0.000000 20.000000 10.000000 1000.000000 1000.000000 1000.000000 1000.000000
8 1 19 0.000000 0.000000 0.000000 0.000000 0.000000 0.000000 20.000000 10.000000 1000.000000 1000.000000 1000.000000 1000.000000
8 1 20 0.000000 0.000000 0.000000 0.000000 0.000000 0.000000 20.000000 10.000000 1000.000000 1000.000000 1000.000000 1000.000000
8 2 1 86.912983 37.893813 0.000011 40.962855 17.649421 42.268545 114.596068 51.981931 639.444687 6.765445 27.307775 2.915453
8 2 2 96.324733 50.338106 174.602678 74.226305 174.602695 74.226169 128.773127 62.811171 34.904453 12.914943 34.904414 12.914903
8 2 3 97.550016 50.310987 208.362748 87.922858 208.364445 87.927016 128.774629 62.812632 42.595737 19.246003 42.518116 19.218770
8 2 4 94.665369 37.107244 101.120701 43.196580 0.000000 0.000000 124.046970 51.981613 10.692007 3.158781 1000.000000 1000.000000
8 2 5 0.000000 0.000000 1041.056237 447.884465 1041.061495 447.886277 20.000000 10.000000 1000.000000 1000.000000 1000.000000 1000.000000
8 2 6 0.000000 44.389162 1519.237294 658.881785 1519.253788 658.894878 20.000000 57.775213 1000.000000 48.106935 1000.000000 48.093301
8 2 7 90.744318 53.156906 133.346962 58.675471 130.646478 54.097921 119.321365 62.811116 25.994999 10.624262 28.014472 15.092540
8 2 8 94.684859 52.281629 121.994016 52.899084 122.272443 53.177964 124.046960 62.811090 19.420695 7.106769 20.042166 7.573286
8 2 9 0.000000 48.833601 1920.931219 839.897352 1920.934645 839.901024 20.000000 63.549320 1000.000000 50.064116 1000.000000 50.060142
8 2 10 0.000000 48.278046 358.498357 156.492453 356.948228 156.207471 20.000000 62.827540 1000.000000 26.835681 1000.000000 27.119164
8 2 11 0.000000 44.944717 1354.398950 581.511251 1354.348207 581.565384 20.000000 58.496959 1000.000000 45.219276 1000.000000 45.196049
8 2 12 90.688340 36.160368 129.381981 55.776614 126.862314 54.590165 119.321365 51.981588 22.476671 8.358753 20.757404 11.346330
8 2 13 93.950939 49.946539 212.224666 89.751764 0.000000 0.000000 122.865589 62.811501 42.506914 17.509750 1000.000000 1000.000000
8 2 14 0.000000 0.000000 0.000333 42.442525 0.000000 0.000000 20.000000 10.000000 1000.000000 1000.000000 1000.000000 1000.000000
8 2 15 0.000000 0.000000 0.000000 0.000000 0.000000 0.000000 20.000000 10.000000 1000.000000 1000.000000 1000.000000 1000.000000
8 2 16 0.000000 0.000000 0.000000 0.000000 0.000000 0.000000 20.000000 10.000000 1000.000000 1000.000000 1000.000000 1000.000000
8 2 17 91.514822 38.109112 100.040778 42.732320 0.000000 0.000000 120.502799 51.981706 13.122180 4.230919 1000.000000 1000.000000
8 2 18 0.000000 0.000000 0.000000 0.000000 0.000000 0.000000 20.000000 10.000000 1000.000000 1000.000000 1000.000000 1000.000000
8 2 19 0.000000 0.000000 0.000000 0.000000 0.000000 0.000000 20.000000 10.000000 1000.000000 1000.000000 1000.000000 1000.000000
8 2 20 93.867171 36.929569 102.570075 43.596471 0.000000 0.000000 122.865577 51.981636 13.078080 3.245364 1000.000000 1000.000000
