1 1 1 0.000 1.200
1 1 2 309.360 1.200
1 1 3 0.000 1.200
1 1 4 821.042 1.200
1 1 5 1569.154 1.200
1 1 6 0.000 1.200
1 1 7 316.167 1.200
1 1 8 193.687 1.200
1 1 9 0.000 1.200
1 2 1 0.000 2.650
1 2 2 109.493 2.650
1 2 3 0.000 2.650
1 2 4 525.395 2.650
1 2 5 516.483 2.650
1 2 6 0.000 2.650
1 2 7 435.276 2.650
1 2 8 252.571 2.650
1 2 9 0.000 2.650
2 1 1 1505.869 1.200
2 1 2 1535.020 1.200
2 1 3 2862.297 1.200
2 1 4 116.287 1.200
2 1 5 3310.851 1.200
2 1 6 2677.419 1.200
2 1 7 104.724 1.200
2 1 8 516.268 1.200
2 1 9 185.108 1.200
2 1 10 2413.129 1.200
2 1 11 250.196 1.200
2 1 12 134.139 1.200
2 1 13 0.000 1.200
2 1 14 0.000 1.200
2 1 15 0.000 1.200
2 1 16 0.000 1.200
2 1 17 0.000 1.200
2 1 18 0.000 1.200
2 1 19 0.000 1.200
2 1 20 107.482 1.200
2 2 1 640.435 2.650
2 2 2 1022.558 2.650
2 2 3 106.452 2.650
2 2 4 276.239 2.650
2 2 5 2191.305 2.650
2 2 6 1959.242 2.650
2 2 7 975.399 2.650
2 2 8 2141.810 2.650
2 2 9 384.997 2.650
2 2 10 403.484 2.650
2 2 11 438.069 2.650
2 2 12 439.325 2.650
2 2 13 0.000 2.650
2 2 14 0.000 2.650
2 2 15 0.000 2.650
2 2 16 0.000 2.650
2 2 17 0.000 2.650
2 2 18 0.000 2.650
2 2 19 0.000 2.650
2 2 20 95.453 2.650
3 1 1 637.824 1.200
3 1 2 0.000 1.200
3 1 3 275.236 1.200
3 1 4 2470.167 1.200
3 1 5 3614.663 1.200
3 1 6 216.968 1.200
3 1 7 3023.132 1.200
3 1 8 119.720 1.200
3 1 9 0.000 1.200
3 2 1 103.189 2.650
3 2 2 0.000 2.650
3 2 3 99.466 2.650
3 2 4 1107.998 2.650
3 2 5 928.747 2.650
3 2 6 209.582 2.650
3 2 7 1446.407 2.650
3 2 8 263.824 2.650
3 2 9 0.000 2.650
4 1 1 1596.422 1.200
4 1 2 192.252 1.200
4 1 3 573.461 1.200
4 1 4 2176.594 1.200
4 1 5 1697.508 1.200
4 1 6 345.673 1.200
4 1 7 108.628 1.200
4 1 8 520.895 1.200
4 1 9 294.029 1.200
4 1 10 100.215 1.200
4 1 11 97.433 1.200
4 1 12 102.343 1.200
4 1 13 0.000 1.200
4 1 14 0.000 1.200
4 1 15 0.000 1.200
4 1 16 96.120 1.200
4 1 17 0.000 1.200
4 1 18 0.000 1.200
4 1 19 0.000 1.200
4 1 20 0.000 1.200
4 2 1 99.194 2.650
4 2 2 208.498 2.650
4 2 3 133.263 2.650
4 2 4 100.439 2.650
4 2 5 323.004 2.650
4 2 6 136.107 2.650
4 2 7 792.606 2.650
4 2 8 785.251 2.650
4 2 9 255.511 2.650
4 2 10 378.672 2.650
4 2 11 139.252 2.650
4 2 12 762.812 2.650
4 2 13 0.000 2.650
4 2 14 0.000 2.650
4 2 15 0.000 2.650
4 2 16 159.090 2.650
4 2 17 0.000 2.650
4 2 18 0.000 2.650
4 2 19 0.000 2.650
4 2 20 0.000 2.650
5 1 1 0.000 1.200
5 1 2 412.465 1.200
5 1 3 0.000 1.200
5 1 4 0.000 1.200
5 1 5 375.032 1.200
5 1 6 0.000 1.200
5 1 7 1613.326 1.200
5 1 8 107.805 1.200
5 1 9 0.000 1.200
5 2 1 0.000 2.650
5 2 2 90.899 2.650
5 2 3 0.000 2.650
5 2 4 0.000 2.650
5 2 5 225.898 2.650
5 2 6 0.000 2.650
5 2 7 166.194 2.650
5 2 8 833.366 2.650
5 2 9 0.000 2.650
6 1 1 0.000 1.200
6 1 2 0.000 1.200
6 1 3 0.000 1.200
6 1 4 0.000 1.200
6 1 5 159.347 1.200
6 1 6 0.000 1.200
6 1 7 0.000 1.200
6 1 8 112.232 1.200
6 1 9 0.000 1.200
6 1 10 0.000 1.200
6 1 11 0.000 1.200
6 1 12 0.000 1.200
6 1 13 0.000 1.200
6 1 14 0.000 1.200
6 1 15 0.000 1.200
6 1 16 0.000 1.200
6 1 17 0.000 1.200
6 1 18 0.000 1.200
6 1 19 0.000 1.200
6 1 20 0.000 1.200
6 2 1 0.000 2.650
6 2 2 0.000 2.650
6 2 3 0.000 2.650
6 2 4 0.000 2.650
6 2 5 108.297 2.650
6 2 6 0.000 2.650
6 2 7 0.000 2.650
6 2 8 149.203 2.650
6 2 9 0.000 2.650
6 2 10 0.000 2.650
6 2 11 0.000 2.650
6 2 12 0.000 2.650
6 2 13 0.000 2.650
6 2 14 0.000 2.650
6 2 15 0.000 2.650
6 2 16 0.000 2.650
6 2 17 0.000 2.650
6 2 18 0.000 2.650
6 2 19 0.000 2.650
6 2 20 0.000 2.650
7 1 1 0.000 1.200
7 1 2 569.942 1.200
7 1 3 0.000 1.200
7 1 4 431.994 1.200
7 1 5 2668.451 1.200
7 1 6 122.489 1.200
7 1 7 574.134 1.200
7 1 8 188.008 1.200
7 1 9 0.000 1.200
7 2 1 0.000 2.650
7 2 2 114.790 2.650
7 2 3 0.000 2.650
7 2 4 94.268 2.650
7 2 5 480.707 2.650
7 2 6 93.135 2.650
7 2 7 803.701 2.650
7 2 8 1711.831 2.650
7 2 9 0.000 2.650
8 1 1 2230.645 1.200
8 1 2 2517.897 1.200
8 1 3 207.022 1.200
8 1 4 0.000 1.200
8 1 5 3231.229 1.200
8 1 6 312.755 1.200
8 1 7 99.365 1.200
8 1 8 110.225 1.200
8 1 9 268.372 1.200
8 1 10 95.482 1.200
8 1 11 141.495 1.200
8 1 12 103.087 1.200
8 1 13 0.000 1.200
8 1 14 0.000 1.200
8 1 15 0.000 1.200
8 1 16 0.000 1.200
8 1 17 0.000 1.200
8 1 18 0.000 1.200
8 1 19 0.000 1.200
8 1 20 0.000 1.200
8 2 1 17.649 2.650
8 2 2 174.603 2.650
8 2 3 208.364 2.650
8 2 4 0.000 2.650
8 2 5 1041.061 2.650
8 2 6 1519.254 2.650
8 2 7 130.646 2.650
8 2 8 122.272 2.650
8 2 9 1920.935 2.650
8 2 10 356.948 2.650
8 2 11 1354.348 2.650
8 2 12 126.862 2.650
8 2 13 0.000 2.650
8 2 14 0.000 2.650
8 2 15 0.000 2.650
8 2 16 0.000 2.650
8 2 17 0.000 2.650
8 2 18 0.000 2.650
8 2 19 0.000 2.650
8 2 20 0.000 2.650
