1 1 1 98.219 1.200
1 1 2 308.815 1.200
1 1 3 100.340 1.200
1 1 4 821.046 1.200
1 1 5 1569.122 1.200
1 1 6 103.738 1.200
1 1 7 316.161 1.200
1 1 8 193.685 1.200
1 1 9 0.000 1.200
1 2 1 0.000 2.650
1 2 2 109.492 2.650
1 2 3 0.000 2.650
1 2 4 525.382 2.650
1 2 5 516.463 2.650
1 2 6 0.000 2.650
1 2 7 435.273 2.650
1 2 8 252.554 2.650
1 2 9 93.001 2.650
2 1 1 1505.874 1.200
2 1 2 1535.021 1.200
2 1 3 0.060 1.200
2 1 4 116.286 1.200
2 1 5 3310.853 1.200
2 1 6 2677.413 1.200
2 1 7 104.731 1.200
2 1 8 516.263 1.200
2 1 9 185.098 1.200
2 1 10 2413.133 1.200
2 1 11 250.193 1.200
2 1 12 134.164 1.200
2 1 13 0.042 1.200
2 1 14 0.000 1.200
2 1 15 120.535 1.200
2 1 16 0.000 1.200
2 1 17 0.000 1.200
2 1 18 0.000 1.200
2 1 19 0.000 1.200
2 1 20 107.628 1.200
2 2 1 640.444 2.650
2 2 2 1022.562 2.650
2 2 3 107.346 2.650
2 2 4 276.497 2.650
2 2 5 2191.305 2.650
2 2 6 1959.238 2.650
2 2 7 975.327 2.650
2 2 8 2141.810 2.650
2 2 9 385.015 2.650
2 2 10 403.481 2.650
2 2 11 438.045 2.650
2 2 12 439.329 2.650
2 2 13 98.656 2.650
2 2 14 0.000 2.650
2 2 15 84.655 2.650
2 2 16 0.000 2.650
2 2 17 101.894 2.650
2 2 18 0.000 2.650
2 2 19 0.000 2.650
2 2 20 100.947 2.650
3 1 1 640.300 1.200
3 1 2 613.129 1.200
3 1 3 275.293 1.200
3 1 4 2470.167 1.200
3 1 5 3614.663 1.200
3 1 6 216.971 1.200
3 1 7 3023.132 1.200
3 1 8 119.720 1.200
3 1 9 0.000 1.200
3 2 1 103.189 2.650
3 2 2 0.000 2.650
3 2 3 99.465 2.650
3 2 4 1107.984 2.650
3 2 5 928.744 2.650
3 2 6 209.599 2.650
3 2 7 1446.385 2.650
3 2 8 263.615 2.650
3 2 9 102.755 2.650
4 1 1 1596.686 1.200
4 1 2 192.288 1.200
4 1 3 573.655 1.200
4 1 4 2168.518 1.200
4 1 5 1697.496 1.200
4 1 6 345.666 1.200
4 1 7 108.628 1.200
4 1 8 520.883 1.200
4 1 9 294.034 1.200
4 1 10 0.018 1.200
4 1 11 0.001 1.200
4 1 12 102.343 1.200
4 1 13 0.000 1.200
4 1 14 0.000 1.200
4 1 15 0.000 1.200
4 1 16 107.023 1.200
4 1 17 0.000 1.200
4 1 18 0.000 1.200
4 1 19 0.000 1.200
4 1 20 0.000 1.200
4 2 1 99.203 2.650
4 2 2 208.516 2.650
4 2 3 133.267 2.650
4 2 4 45.486 2.650
4 2 5 322.995 2.650
4 2 6 136.107 2.650
4 2 7 793.241 2.650
4 2 8 785.254 2.650
4 2 9 255.506 2.650
4 2 10 378.077 2.650
4 2 11 153.033 2.650
4 2 12 762.984 2.650
4 2 13 46.517 2.650
4 2 14 0.000 2.650
4 2 15 0.000 2.650
4 2 16 166.355 2.650
4 2 17 0.000 2.650
4 2 18 0.000 2.650
4 2 19 136.061 2.650
4 2 20 106.398 2.650
5 1 1 172.249 1.200
5 1 2 421.082 1.200
5 1 3 425.763 1.200
5 1 4 1843.881 1.200
5 1 5 375.020 1.200
5 1 6 2348.436 1.200
5 1 7 1613.361 1.200
5 1 8 107.801 1.200
5 1 9 0.000 1.200
5 2 1 0.000 2.650
5 2 2 75.733 2.650
5 2 3 0.000 2.650
5 2 4 0.000 2.650
5 2 5 225.898 2.650
5 2 6 0.000 2.650
5 2 7 166.192 2.650
5 2 8 831.797 2.650
5 2 9 0.000 2.650
6 1 1 139.709 1.200
6 1 2 0.000 1.200
6 1 3 0.000 1.200
6 1 4 267.383 1.200
6 1 5 159.444 1.200
6 1 6 0.000 1.200
6 1 7 0.000 1.200
6 1 8 112.313 1.200
6 1 9 0.000 1.200
6 1 10 0.000 1.200
6 1 11 0.000 1.200
6 1 12 0.000 1.200
6 1 13 0.000 1.200
6 1 14 0.000 1.200
6 1 15 0.000 1.200
6 1 16 0.000 1.200
6 1 17 0.000 1.200
6 1 18 0.000 1.200
6 1 19 0.000 1.200
6 1 20 0.000 1.200
6 2 1 0.000 2.650
6 2 2 0.000 2.650
6 2 3 0.000 2.650
6 2 4 147.714 2.650
6 2 5 108.390 2.650
6 2 6 0.000 2.650
6 2 7 0.000 2.650
6 2 8 149.563 2.650
6 2 9 110.841 2.650
6 2 10 0.000 2.650
6 2 11 0.000 2.650
6 2 12 128.407 2.650
6 2 13 95.666 2.650
6 2 14 0.000 2.650
6 2 15 0.000 2.650
6 2 16 0.000 2.650
6 2 17 0.000 2.650
6 2 18 0.000 2.650
6 2 19 0.000 2.650
6 2 20 106.256 2.650
7 1 1 105.503 1.200
7 1 2 597.165 1.200
7 1 3 3227.693 1.200
7 1 4 435.425 1.200
7 1 5 2668.446 1.200
7 1 6 125.021 1.200
7 1 7 574.124 1.200
7 1 8 188.009 1.200
7 1 9 0.000 1.200
7 2 1 0.000 2.650
7 2 2 168.120 2.650
7 2 3 0.000 2.650
7 2 4 0.870 2.650
7 2 5 480.700 2.650
7 2 6 93.058 2.650
7 2 7 803.689 2.650
7 2 8 1711.720 2.650
7 2 9 97.309 2.650
8 1 1 2404.536 1.200
8 1 2 2517.867 1.200
8 1 3 207.057 1.200
8 1 4 344.119 1.200
8 1 5 3231.230 1.200
8 1 6 312.742 1.200
8 1 7 3.643 1.200
8 1 8 109.812 1.200
8 1 9 268.375 1.200
8 1 10 95.482 1.200
8 1 11 141.502 1.200
8 1 12 103.366 1.200
8 1 13 0.000 1.200
8 1 14 0.000 1.200
8 1 15 0.000 1.200
8 1 16 0.000 1.200
8 1 17 0.000 1.200
8 1 18 0.000 1.200
8 1 19 0.000 1.200
8 1 20 0.000 1.200
8 2 1 0.000 2.650
8 2 2 174.603 2.650
8 2 3 208.363 2.650
8 2 4 101.121 2.650
8 2 5 1041.056 2.650
8 2 6 1519.237 2.650
8 2 7 133.347 2.650
8 2 8 121.994 2.650
8 2 9 1920.931 2.650
8 2 10 358.498 2.650
8 2 11 1354.399 2.650
8 2 12 129.382 2.650
8 2 13 212.225 2.650
8 2 14 0.000 2.650
8 2 15 0.000 2.650
8 2 16 0.000 2.650
8 2 17 100.041 2.650
8 2 18 0.000 2.650
8 2 19 0.000 2.650
8 2 20 102.570 2.650
