1 1 1 89.375 1.000 91.968 43.355 2.500
1 1 2 101.750 0.383 88.296 52.833 2.500
1 1 3 221.830 0.502 87.580 45.255 2.500
1 1 4 137.241 0.760 0.000 43.834 2.500
1 1 5 149.505 0.489 0.000 0.000 2.500
1 1 6 216.631 0.748 93.454 45.151 2.500
1 1 7 197.333 0.818 96.818 50.526 2.500
1 1 8 172.147 0.765 89.354 50.551 2.500
1 1 9 200.000 10.000 0.000 0.000 2.500
1 2 1 200.000 10.000 0.000 0.000 2.500
1 2 2 206.444 0.708 96.085 35.501 2.500
1 2 3 200.000 10.000 0.000 0.000 2.500
1 2 4 212.318 0.499 0.000 0.000 2.500
1 2 5 186.162 0.444 0.000 43.834 2.500
1 2 6 200.000 10.000 0.000 0.000 2.500
1 2 7 207.404 0.732 0.000 0.000 2.500
1 2 8 207.131 0.706 78.074 46.989 2.500
1 2 9 212.445 0.471 86.925 39.126 2.500
2 1 1 164.494 0.742 0.000 0.000 2.500
2 1 2 194.875 0.494 0.000 0.000 2.500
2 1 3 207.863 0.697 92.176 36.491 2.500
2 1 4 195.604 0.646 96.570 44.143 2.500
2 1 5 207.428 0.775 0.000 0.000 2.500
2 1 6 186.452 0.625 78.983 39.945 2.500
2 1 7 177.185 0.497 98.410 43.860 2.500
2 1 8 222.873 0.757 0.000 40.500 2.500
2 1 9 210.432 0.937 90.498 42.952 2.500
2 1 10 210.529 0.849 89.892 40.500 2.500
2 1 11 214.539 0.726 92.515 49.873 2.500
2 1 12 199.909 0.923 91.185 53.514 2.500
2 1 13 199.855 0.761 90.350 37.324 2.500
2 1 14 200.000 10.000 0.000 0.000 2.500
2 1 15 212.622 0.477 94.466 52.699 2.500
2 1 16 200.000 10.000 0.000 0.000 2.500
2 1 17 200.000 10.000 0.000 0.000 2.500
2 1 18 200.000 10.000 0.000 0.000 2.500
2 1 19 200.000 10.000 0.000 0.000 2.500
2 1 20 224.537 0.796 92.930 37.811 2.500
2 2 1 195.554 0.729 0.000 0.000 2.500
2 2 2 221.651 0.485 0.000 48.278 2.500
2 2 3 212.457 0.458 96.917 37.228 2.500
2 2 4 185.807 0.416 0.000 45.850 2.500
2 2 5 178.583 0.685 0.000 0.000 2.500
2 2 6 219.938 0.761 0.000 0.000 2.500
2 2 7 197.880 0.676 0.000 43.834 2.500
2 2 8 194.800 0.421 0.000 0.000 2.500
2 2 9 208.488 0.791 95.347 41.056 2.500
2 2 10 230.998 0.427 0.000 0.000 2.500
2 2 11 203.977 0.418 0.000 0.000 2.500
2 2 12 221.946 0.392 0.000 0.000 2.500
2 2 13 211.000 0.691 92.282 39.472 2.500
2 2 14 200.000 10.000 0.000 0.000 2.500
2 2 15 215.763 0.790 0.000 0.000 2.500
2 2 16 200.000 10.000 0.000 0.000 2.500
2 2 17 202.304 0.834 87.649 35.782 2.500
2 2 18 200.000 10.000 0.000 0.000 2.500
2 2 19 200.000 10.000 0.000 0.000 2.500
2 2 20 206.297 0.718 87.523 39.056 2.500
3 1 1 204.647 0.830 0.000 0.000 2.500
3 1 2 193.866 0.726 0.000 0.000 2.500
3 1 3 178.531 0.773 93.968 48.237 2.500
3 1 4 178.150 0.748 0.000 0.000 2.500
3 1 5 194.230 0.540 98.983 41.609 2.500
3 1 6 211.204 0.821 98.190 50.538 2.500
3 1 7 208.476 0.737 0.000 48.278 2.500
3 1 8 209.204 0.792 94.558 37.300 2.500
3 1 9 200.000 10.000 0.000 0.000 2.500
3 2 1 212.738 0.432 91.424 39.013 2.500
3 2 2 200.000 10.000 0.000 0.000 2.500
3 2 3 182.219 0.723 92.046 37.384 2.500
3 2 4 152.890 0.702 0.000 0.000 2.500
3 2 5 202.325 0.697 0.000 0.000 2.500
3 2 6 207.623 0.678 97.010 48.245 2.500
3 2 7 201.558 0.718 0.000 49.389 2.500
3 2 8 240.201 0.414 0.000 49.496 2.500
3 2 9 180.127 0.706 91.828 39.871 2.500
4 1 1 220.555 0.763 0.000 0.000 2.500
4 1 2 193.822 0.743 92.058 51.409 2.500
4 1 3 238.325 0.788 0.000 0.000 2.500
4 1 4 181.182 0.736 0.000 0.000 2.500
4 1 5 187.520 0.718 95.347 41.053 2.500
4 1 6 193.706 0.733 97.165 40.500 2.500
4 1 7 193.741 0.714 92.860 44.043 2.500
4 1 8 199.806 0.742 0.000 0.000 2.500
4 1 9 203.802 0.455 85.855 50.572 2.500
4 1 10 199.785 0.707 91.660 38.041 2.500
4 1 11 209.968 0.941 85.118 40.164 2.500
4 1 12 185.080 0.640 89.579 37.662 2.500
4 1 13 200.000 10.000 0.000 0.000 2.500
4 1 14 200.000 10.000 0.000 0.000 2.500
4 1 15 200.000 10.000 0.000 0.000 2.500
4 1 16 203.016 0.782 0.000 47.318 2.500
4 1 17 200.000 10.000 0.000 0.000 2.500
4 1 18 200.000 10.000 0.000 0.000 2.500
4 1 19 210.891 1.014 0.000 0.000 2.500
4 1 20 200.000 10.000 0.000 0.000 2.500
4 2 1 191.355 0.657 92.058 31.888 2.500
4 2 2 243.650 0.661 97.143 49.766 2.500
4 2 3 203.664 0.418 97.145 52.043 2.500
4 2 4 200.328 0.622 91.682 39.549 2.500
4 2 5 199.102 0.651 0.000 48.278 2.500
4 2 6 178.747 0.679 97.101 52.096 2.500
4 2 7 189.706 0.782 0.000 0.000 2.500
4 2 8 206.623 0.655 82.620 38.834 2.500
4 2 9 179.619 0.685 98.074 47.688 2.500
4 2 10 239.727 0.433 0.000 0.000 2.500
4 2 11 182.494 0.708 98.423 50.862 2.500
4 2 12 180.057 0.714 0.000 42.167 2.500
4 2 13 204.648 0.715 95.697 38.104 2.500
4 2 14 200.000 10.000 0.000 0.000 2.500
4 2 15 200.000 10.000 0.000 0.000 2.500
4 2 16 202.444 0.741 89.012 50.766 2.500
4 2 17 200.000 10.000 0.000 0.000 2.500
4 2 18 200.000 10.000 0.000 0.000 2.500
4 2 19 187.621 0.854 0.000 0.000 2.500
4 2 20 231.505 0.707 97.480 36.447 2.500
5 1 1 223.215 0.688 97.766 50.605 2.500
5 1 2 198.642 0.856 0.000 0.000 2.500
5 1 3 206.562 0.788 0.000 43.831 2.500
5 1 4 173.413 0.732 0.000 0.000 2.500
5 1 5 196.594 0.777 0.000 0.000 2.500
5 1 6 200.824 0.714 0.000 0.000 2.500
5 1 7 194.790 0.537 0.000 46.056 2.500
5 1 8 207.938 0.781 95.624 43.369 2.500
5 1 9 200.000 10.000 0.000 0.000 2.500
5 2 1 200.000 10.000 0.000 0.000 2.500
5 2 2 168.784 0.643 0.000 0.000 2.500
5 2 3 200.000 10.000 0.000 0.000 2.500
5 2 4 200.000 10.000 0.000 0.000 2.500
5 2 5 152.149 0.714 92.679 49.707 2.500
5 2 6 200.000 10.000 0.000 0.000 2.500
5 2 7 175.806 0.662 96.659 50.337 2.500
5 2 8 206.827 0.690 0.000 0.000 2.500
5 2 9 200.000 10.000 0.000 0.000 2.500
6 1 1 208.807 0.697 0.000 0.000 2.500
6 1 2 200.000 10.000 0.000 0.000 2.500
6 1 3 200.000 10.000 0.000 0.000 2.500
6 1 4 199.073 0.729 94.946 39.841 2.500
6 1 5 213.790 0.963 98.004 42.441 2.500
6 1 6 200.000 10.000 0.000 0.000 2.500
6 1 7 200.000 10.000 0.000 0.000 2.500
6 1 8 274.521 0.826 92.952 44.189 2.500
6 1 9 200.000 10.000 0.000 0.000 2.500
6 1 10 200.000 10.000 0.000 0.000 2.500
6 1 11 200.000 10.000 0.000 0.000 2.500
6 1 12 200.000 10.000 0.000 0.000 2.500
6 1 13 200.000 10.000 0.000 0.000 2.500
6 1 14 200.000 10.000 0.000 0.000 2.500
6 1 15 200.000 10.000 0.000 0.000 2.500
6 1 16 200.000 10.000 0.000 0.000 2.500
6 1 17 200.000 10.000 0.000 0.000 2.500
6 1 18 200.000 10.000 0.000 0.000 2.500
6 1 19 200.000 10.000 0.000 0.000 2.500
6 1 20 200.000 10.000 0.000 0.000 2.500
6 2 1 200.000 10.000 0.000 0.000 2.500
6 2 2 200.000 10.000 0.000 0.000 2.500
6 2 3 200.000 10.000 0.000 0.000 2.500
6 2 4 224.844 0.746 0.000 0.000 2.500
6 2 5 203.369 0.480 98.317 37.218 2.500
6 2 6 200.000 10.000 0.000 0.000 2.500
6 2 7 200.000 10.000 0.000 0.000 2.500
6 2 8 192.351 0.726 97.906 42.725 2.500
6 2 9 197.293 0.728 92.068 40.000 2.500
6 2 10 200.000 10.000 0.000 0.000 2.500
6 2 11 200.000 10.000 0.000 0.000 2.500
6 2 12 161.363 0.695 96.256 48.333 2.500
6 2 13 211.429 0.731 95.778 39.769 2.500
6 2 14 200.000 10.000 0.000 0.000 2.500
6 2 15 200.000 10.000 0.000 0.000 2.500
6 2 16 200.000 10.000 0.000 0.000 2.500
6 2 17 200.000 10.000 0.000 0.000 2.500
6 2 18 200.000 10.000 0.000 0.000 2.500
6 2 19 200.000 10.000 0.000 0.000 2.500
6 2 20 177.599 0.731 96.746 39.608 2.500
7 1 1 185.500 0.489 88.765 37.332 2.500
7 1 2 224.772 0.814 0.000 0.000 2.500
7 1 3 201.312 0.740 0.000 0.000 2.500
7 1 4 209.120 0.799 97.165 43.278 2.500
7 1 5 190.627 0.871 0.000 0.000 2.500
7 1 6 188.149 0.760 97.351 35.034 2.500
7 1 7 188.542 0.902 0.000 0.000 2.500
7 1 8 202.774 0.769 98.870 51.335 2.500
7 1 9 200.000 10.000 0.000 0.000 2.500
7 2 1 200.000 10.000 0.000 0.000 2.500
7 2 2 216.675 0.681 0.000 0.000 2.500
7 2 3 200.000 10.000 0.000 0.000 2.500
7 2 4 223.517 0.737 90.718 36.889 2.500
7 2 5 222.529 0.657 0.000 0.000 2.500
7 2 6 210.862 0.680 87.537 39.330 2.500
7 2 7 196.700 0.761 0.000 0.000 2.500
7 2 8 205.838 0.724 98.983 47.722 2.500
7 2 9 198.813 0.714 89.317 40.002 2.500
8 1 1 194.555 0.499 0.000 0.000 2.500
8 1 2 210.270 0.779 88.983 40.500 2.500
8 1 3 239.564 0.445 96.112 50.773 2.500
8 1 4 169.683 0.803 93.715 37.658 2.500
8 1 5 182.315 0.781 88.074 39.387 2.500
8 1 6 173.858 0.875 83.529 46.560 2.500
8 1 7 366.527 0.688 90.218 44.115 2.500
8 1 8 191.910 0.764 94.776 44.474 2.500
8 1 9 203.669 0.465 87.759 47.969 2.500
8 1 10 202.735 0.798 84.772 38.641 2.500
8 1 11 202.721 0.768 92.337 34.587 2.500
8 1 12 206.738 0.907 91.042 45.065 2.500
8 1 13 200.000 10.000 0.000 0.000 2.500
8 1 14 200.000 10.000 0.000 0.000 2.500
8 1 15 200.000 10.000 0.000 0.000 2.500
8 1 16 200.000 10.000 0.000 0.000 2.500
8 1 17 200.000 10.000 0.000 0.000 2.500
8 1 18 200.000 10.000 0.000 0.000 2.500
8 1 19 200.000 10.000 0.000 0.000 2.500
8 1 20 200.000 10.000 0.000 0.000 2.500
8 2 1 224.907 0.763 86.913 37.894 2.500
8 2 2 173.380 0.755 96.325 50.338 2.500
8 2 3 171.330 0.751 97.550 50.311 2.500
8 2 4 176.832 0.330 94.665 37.107 2.500
8 2 5 213.960 0.734 0.000 0.000 2.500
8 2 6 222.129 0.469 0.000 44.389 2.500
8 2 7 200.457 0.698 90.744 53.157 2.500
8 2 8 192.375 0.750 94.685 52.282 2.500
8 2 9 168.038 0.403 0.000 48.834 2.500
8 2 10 201.956 0.727 0.000 48.278 2.500
8 2 11 192.592 0.678 0.000 44.945 2.500
8 2 12 223.801 0.637 90.688 36.160 2.500
8 2 13 227.709 0.711 93.951 49.947 2.500
8 2 14 172.539 0.618 0.000 0.000 2.500
8 2 15 200.000 10.000 0.000 0.000 2.500
8 2 16 200.000 10.000 0.000 0.000 2.500
8 2 17 209.439 0.776 91.515 38.109 2.500
8 2 18 200.000 10.000 0.000 0.000 2.500
8 2 19 200.000 10.000 0.000 0.000 2.500
8 2 20 211.992 0.697 93.867 36.930 2.500
