#
# File generated automatically by FTHodo Calib at  04-04-2018_09.59.17_AM
#
FADC250_CRATE adcft3
FADC250_SLOT 3
FADC250_ALLCH_PED 164.494 149.505 191.910 169.683 210.270 239.564 208.807 500.000 500.000 197.293 173.380 171.330 192.375 176.832 195.554 186.162
FADC250_SLOT 4
FADC250_ALLCH_PED 198.642 274.521 366.527 173.858 202.735 216.631 194.875 207.428 192.351 168.784 222.129 200.457 500.000 201.956 178.583 221.651
FADC250_SLOT 5
FADC250_ALLCH_PED 209.120 188.542 224.772 194.555 101.750 210.432 221.830 89.375 196.700 223.517 224.907 216.675 206.444 500.000 500.000 208.488
FADC250_SLOT 6
FADC250_ALLCH_PED 190.627 201.312 185.500 182.315 137.241 203.669 197.333 186.452 219.938 212.318 213.960 207.404 168.038 222.529 500.000 500.000
FADC250_SLOT 7
FADC250_ALLCH_PED 500.000 500.000 500.000 202.774 206.738 212.622 500.000 210.529 215.763 500.000 230.998 223.801 205.838 500.000 500.000 500.000
FADC250_SLOT 8
FADC250_ALLCH_PED 500.000 500.000 172.147 500.000 500.000 202.721 500.000 199.855 212.445 211.992 207.131 211.000 500.000 198.813 227.709 192.592
FADC250_SLOT 9
FADC250_ALLCH_PED 500.000 500.000 500.000 500.000 500.000 500.000 500.000 500.000 209.439 500.000 500.000 500.000 172.539 500.000 177.599 500.000
FADC250_SLOT 10
FADC250_ALLCH_PED 500.000 500.000 500.000 500.000 203.016 500.000 210.891 500.000 500.000 500.000 500.000 500.000 500.000 202.444 187.621 500.000
FADC250_SLOT 13
FADC250_ALLCH_PED 500.000 500.000 500.000 500.000 500.000 209.204 500.000 500.000 240.201 204.648 180.127 500.000 500.000 500.000 211.429 500.000
FADC250_SLOT 14
FADC250_ALLCH_PED 500.000 500.000 203.802 500.000 500.000 199.785 224.537 500.000 500.000 202.304 179.619 206.297 500.000 239.727 231.505 500.000
FADC250_SLOT 15
FADC250_ALLCH_PED 214.539 194.230 185.080 500.000 500.000 207.938 223.215 206.562 203.977 202.325 180.057 500.000 500.000 206.827 500.000 500.000
FADC250_SLOT 16
FADC250_ALLCH_PED 177.185 199.909 211.204 178.150 199.806 200.824 196.594 194.790 221.946 197.880 152.890 207.623 500.000 206.623 175.806 152.149
FADC250_SLOT 17
FADC250_ALLCH_PED 207.863 222.873 193.866 178.531 204.647 181.182 193.706 173.413 212.457 182.219 212.738 500.000 178.747 200.328 500.000 203.369
FADC250_SLOT 18
FADC250_ALLCH_PED 213.790 199.073 193.822 188.149 193.741 187.520 208.476 209.968 224.844 210.862 189.706 243.650 199.102 182.494 194.800 201.558
FADC250_SLOT 19
FADC250_ALLCH_PED 500.000 195.604 500.000 220.555 238.325 500.000 500.000 500.000 500.000 185.807 500.000 191.355 203.664 500.000 161.363 500.000
FADC250_CRATE end
