72 5 7 89.375000 10 50 221 940 400
72 5 4 101.750000 10 50 270 940 400
72 5 6 221.829720 10 50 231 940 400
72 6 4 137.241429 10 50 224 940 400
72 3 1 149.504867 10 50 0 940 400
72 4 5 216.631342 10 50 231 940 400
72 6 6 197.332809 10 50 258 940 400
72 8 2 172.146729 10 50 258 940 400
72 8 4 200.000000 10 50 0 940 400
72 5 13 200.000000 10 50 0 940 400
72 5 12 206.443762 10 50 181 940 400
72 5 14 200.000000 10 50 0 940 400
72 6 9 212.317656 10 50 0 940 400
72 3 15 186.161763 10 50 224 940 400
72 4 12 200.000000 10 50 0 940 400
72 6 11 207.403557 10 50 0 940 400
72 8 10 207.131479 10 50 240 940 400
72 8 8 212.445395 10 50 200 940 400
72 3 0 164.493851 10 50 0 940 400
72 4 6 194.874999 10 50 0 940 400
72 17 0 207.862772 10 50 186 940 400
72 19 1 195.604124 10 50 225 940 400
72 4 7 207.427960 10 50 0 940 400
72 6 7 186.451871 10 50 204 940 400
72 16 0 177.185138 10 50 224 940 400
72 17 1 222.872600 10 50 207 940 400
72 5 5 210.431638 10 50 219 940 400
72 7 7 210.529474 10 50 207 940 400
72 15 0 214.538519 10 50 255 940 400
72 16 1 199.909480 10 50 273 940 400
72 8 7 199.855164 10 50 191 940 400
72 8 6 200.000000 10 50 0 940 400
72 7 5 212.622399 10 50 269 940 400
72 7 6 200.000000 10 50 0 940 400
72 14 3 200.000000 10 50 0 940 400
72 14 4 200.000000 10 50 0 940 400
72 14 7 200.000000 10 50 0 940 400
72 14 6 224.536638 10 50 193 940 400
72 3 14 195.553927 10 50 0 940 400
72 4 15 221.650927 10 50 247 940 400
72 17 8 212.457354 10 50 190 940 400
72 19 9 185.807454 10 50 234 940 400
72 4 14 178.582931 10 50 0 940 400
72 6 8 219.938475 10 50 0 940 400
72 16 9 197.879983 10 50 224 940 400
72 18 14 194.799625 10 50 0 940 400
72 5 15 208.487674 10 50 210 940 400
72 7 10 230.998122 10 50 0 940 400
72 15 8 203.976713 10 50 0 940 400
72 16 8 221.945799 10 50 0 940 400
72 8 11 210.999832 10 50 202 940 400
72 8 12 200.000000 10 50 0 940 400
72 7 8 215.763009 10 50 0 940 400
72 7 9 200.000000 10 50 0 940 400
72 14 9 202.304385 10 50 183 940 400
72 14 8 200.000000 10 50 0 940 400
72 14 12 200.000000 10 50 0 940 400
72 14 11 206.296977 10 50 199 940 400
72 17 4 204.647182 10 50 0 940 400
72 17 2 193.865720 10 50 0 940 400
72 17 3 178.531111 10 50 246 940 400
72 16 3 178.149970 10 50 0 940 400
72 15 1 194.230267 10 50 212 940 400
72 16 2 211.203790 10 50 258 940 400
72 18 6 208.475824 10 50 247 940 400
72 13 5 209.203968 10 50 190 940 400
72 13 7 200.000000 10 50 0 940 400
72 17 10 212.737972 10 50 199 940 400
72 17 11 200.000000 10 50 0 940 400
72 17 9 182.218648 10 50 191 940 400
72 16 10 152.890019 10 50 0 940 400
72 15 9 202.325388 10 50 0 940 400
72 16 11 207.622810 10 50 246 940 400
72 18 15 201.558357 10 50 252 940 400
72 13 8 240.201241 10 50 253 940 400
72 13 10 180.127342 10 50 204 940 400
72 19 3 220.554617 10 50 0 940 400
72 18 2 193.822432 10 50 263 940 400
72 19 4 238.325301 10 50 0 940 400
72 17 5 181.182257 10 50 0 940 400
72 18 5 187.520205 10 50 210 940 400
72 17 6 193.705578 10 50 207 940 400
72 18 4 193.741454 10 50 225 940 400
72 16 4 199.806497 10 50 0 940 400
72 14 2 203.801883 10 50 258 940 400
72 14 5 199.785443 10 50 194 940 400
72 18 7 209.968003 10 50 205 940 400
72 15 2 185.080198 10 50 192 940 400
72 13 6 200.000000 10 50 0 940 400
72 10 3 200.000000 10 50 0 940 400
72 10 2 200.000000 10 50 0 940 400
72 10 4 203.015767 10 50 242 940 400
72 10 5 200.000000 10 50 0 940 400
72 10 7 200.000000 10 50 0 940 400
72 10 6 210.891137 10 50 0 940 400
72 14 1 200.000000 10 50 0 940 400
72 19 11 191.355413 10 50 163 940 400
72 18 11 243.650327 10 50 254 940 400
72 19 12 203.663831 10 50 266 940 400
72 17 13 200.327983 10 50 202 940 400
72 18 12 199.101803 10 50 247 940 400
72 17 12 178.746983 10 50 266 940 400
72 18 10 189.705732 10 50 0 940 400
72 16 13 206.623180 10 50 198 940 400
72 14 10 179.618771 10 50 244 940 400
72 14 13 239.727179 10 50 0 940 400
72 18 13 182.493991 10 50 260 940 400
72 15 10 180.057012 10 50 215 940 400
72 13 9 204.647771 10 50 195 940 400
72 10 11 200.000000 10 50 0 940 400
72 10 10 200.000000 10 50 0 940 400
72 10 13 202.444408 10 50 259 940 400
72 10 12 200.000000 10 50 0 940 400
72 10 15 200.000000 10 50 0 940 400
72 10 14 187.621148 10 50 0 940 400
72 14 14 231.504858 10 50 186 940 400
72 15 6 223.214677 10 50 259 940 400
72 4 0 198.641906 10 50 0 940 400
72 15 7 206.561739 10 50 224 940 400
72 17 7 173.412834 10 50 0 940 400
72 16 6 196.594288 10 50 0 940 400
72 16 5 200.824306 10 50 0 940 400
72 16 7 194.790043 10 50 235 940 400
72 15 5 207.937817 10 50 221 940 400
72 14 0 200.000000 10 50 0 940 400
72 15 14 200.000000 10 50 0 940 400
72 4 9 168.783964 10 50 0 940 400
72 15 15 200.000000 10 50 0 940 400
72 17 14 200.000000 10 50 0 940 400
72 16 15 152.149157 10 50 254 940 400
72 16 12 200.000000 10 50 0 940 400
72 16 14 175.805578 10 50 257 940 400
72 15 13 206.826653 10 50 0 940 400
72 14 15 200.000000 10 50 0 940 400
72 3 6 208.807226 10 50 0 940 400
72 13 3 200.000000 10 50 0 940 400
72 9 7 200.000000 10 50 0 940 400
72 18 1 199.073006 10 50 203 940 400
72 18 0 213.790318 10 50 217 940 400
72 13 4 200.000000 10 50 0 940 400
72 9 2 200.000000 10 50 0 940 400
72 4 1 274.521149 10 50 226 940 400
72 3 7 200.000000 10 50 0 940 400
72 13 2 200.000000 10 50 0 940 400
72 7 0 200.000000 10 50 0 940 400
72 19 6 200.000000 10 50 0 940 400
72 13 0 200.000000 10 50 0 940 400
72 13 1 200.000000 10 50 0 940 400
72 15 4 200.000000 10 50 0 940 400
72 15 3 200.000000 10 50 0 940 400
72 7 1 200.000000 10 50 0 940 400
72 7 2 200.000000 10 50 0 940 400
72 9 4 200.000000 10 50 0 940 400
72 9 3 200.000000 10 50 0 940 400
72 3 8 200.000000 10 50 0 940 400
72 13 15 200.000000 10 50 0 940 400
72 9 15 200.000000 10 50 0 940 400
72 18 8 224.843830 10 50 0 940 400
72 17 15 203.369390 10 50 190 940 400
72 13 12 200.000000 10 50 0 940 400
72 9 10 200.000000 10 50 0 940 400
72 4 8 192.351333 10 50 218 940 400
72 3 9 197.292740 10 50 204 940 400
72 13 11 200.000000 10 50 0 940 400
72 7 15 200.000000 10 50 0 940 400
72 19 14 161.362851 10 50 247 940 400
72 13 14 211.429268 10 50 203 940 400
72 13 13 200.000000 10 50 0 940 400
72 15 11 200.000000 10 50 0 940 400
72 15 12 200.000000 10 50 0 940 400
72 7 13 200.000000 10 50 0 940 400
72 7 14 200.000000 10 50 0 940 400
72 9 13 200.000000 10 50 0 940 400
72 9 14 177.599118 10 50 202 940 400
72 6 2 185.499585 10 50 191 940 400
72 5 2 224.772203 10 50 0 940 400
72 6 1 201.312121 10 50 0 940 400
72 5 0 209.120336 10 50 221 940 400
72 6 0 190.626718 10 50 0 940 400
72 18 3 188.149064 10 50 179 940 400
72 5 1 188.542179 10 50 0 940 400
72 7 3 202.773957 10 50 262 940 400
72 8 1 200.000000 10 50 0 940 400
72 6 15 200.000000 10 50 0 940 400
72 5 11 216.674548 10 50 0 940 400
72 6 14 200.000000 10 50 0 940 400
72 5 9 223.517116 10 50 188 940 400
72 6 13 222.528749 10 50 0 940 400
72 18 9 210.862220 10 50 201 940 400
72 5 8 196.700257 10 50 0 940 400
72 7 12 205.837991 10 50 244 940 400
72 8 13 198.812680 10 50 204 940 400
72 5 3 194.555364 10 50 0 940 400
72 3 4 210.269912 10 50 207 940 400
72 3 5 239.564326 10 50 259 940 400
72 3 3 169.682660 10 50 192 940 400
72 6 3 182.314844 10 50 201 940 400
72 4 3 173.857578 10 50 238 940 400
72 4 2 366.527193 10 50 225 940 400
72 3 2 191.909602 10 50 227 940 400
72 6 5 203.669416 10 50 245 940 400
72 4 4 202.735393 10 50 197 940 400
72 8 5 202.720708 10 50 177 940 400
72 7 4 206.738186 10 50 230 940 400
72 8 0 200.000000 10 50 0 940 400
72 9 5 200.000000 10 50 0 940 400
72 9 6 200.000000 10 50 0 940 400
72 9 0 200.000000 10 50 0 940 400
72 9 1 200.000000 10 50 0 940 400
72 10 1 200.000000 10 50 0 940 400
72 10 0 200.000000 10 50 0 940 400
72 8 3 200.000000 10 50 0 940 400
72 5 10 224.907232 10 50 193 940 400
72 3 10 173.380166 10 50 257 940 400
72 3 11 171.330180 10 50 257 940 400
72 3 13 176.831650 10 50 189 940 400
72 6 10 213.959670 10 50 0 940 400
72 4 10 222.128804 10 50 227 940 400
72 4 11 200.456741 10 50 272 940 400
72 3 12 192.375094 10 50 267 940 400
72 6 12 168.037819 10 50 249 940 400
72 4 13 201.956158 10 50 247 940 400
72 8 15 192.591940 10 50 230 940 400
72 7 11 223.801348 10 50 185 940 400
72 8 14 227.708623 10 50 255 940 400
72 9 12 172.539178 10 50 0 940 400
72 9 11 200.000000 10 50 0 940 400
72 9 9 200.000000 10 50 0 940 400
72 9 8 209.438999 10 50 195 940 400
72 10 8 200.000000 10 50 0 940 400
72 10 9 200.000000 10 50 0 940 400
72 8 9 211.992376 10 50 189 940 400
