1 1 1 88.250 1.000 22.053 27.519 2.500
1 1 2 100.625 0.383 6.598 28.800 2.500
1 1 3 221.293 0.656 29.910 26.989 2.500
1 1 4 135.624 2.451 8.335 28.808 2.500
1 1 5 145.293 3.000 8.771 8.045 2.500
1 1 6 213.479 2.828 9.076 33.001 2.500
1 1 7 193.648 3.000 8.990 39.976 2.500
1 1 8 168.076 3.000 9.229 6.550 2.500
1 1 9 148.525 2.197 9.329 52.289 2.500
1 2 1 202.162 1.137 8.250 8.267 2.500
1 2 2 204.119 1.983 9.073 6.068 2.500
1 2 3 235.939 1.250 28.116 29.312 2.500
1 2 4 208.645 3.000 9.438 28.042 2.500
1 2 5 182.550 3.000 8.808 33.720 2.500
1 2 6 166.487 3.000 9.196 35.421 2.500
1 2 7 204.274 3.000 9.151 32.038 2.500
1 2 8 202.037 3.000 9.421 36.384 2.500
1 2 9 210.457 1.890 9.912 44.284 2.500
2 1 1 161.529 3.000 21.085 41.007 2.500
2 1 2 191.818 3.000 9.312 39.972 2.500
2 1 3 204.607 3.000 11.991 31.631 2.500
2 1 4 192.525 3.000 9.090 44.587 2.500
2 1 5 204.139 3.000 9.268 37.599 2.500
2 1 6 182.564 3.000 9.007 29.444 2.500
2 1 7 174.455 3.000 8.726 10.010 2.500
2 1 8 218.747 3.000 8.311 38.823 2.500
2 1 9 206.136 3.000 10.104 36.452 2.500
2 1 10 205.055 3.000 9.662 7.912 2.500
2 1 11 209.884 3.000 11.279 9.572 2.500
2 1 12 195.489 3.000 8.669 29.537 2.500
2 1 13 197.539 2.628 9.360 14.138 2.500
2 1 14 181.668 2.616 8.643 9.651 2.500
2 1 15 210.927 2.140 9.335 39.554 2.500
2 1 16 208.547 0.834 8.741 5.183 2.500
2 1 17 204.263 1.829 22.813 29.093 2.500
2 1 18 209.517 2.274 8.895 44.162 2.500
2 1 19 208.073 2.627 8.440 16.474 2.500
2 1 20 222.426 1.887 8.544 8.083 2.500
2 2 1 193.192 2.527 9.116 27.778 2.500
2 2 2 218.007 3.000 6.669 10.621 2.500
2 2 3 208.808 3.000 9.130 30.766 2.500
2 2 4 183.056 2.897 9.038 8.916 2.500
2 2 5 174.244 3.000 8.939 41.216 2.500
2 2 6 214.696 3.000 8.677 5.952 2.500
2 2 7 194.286 2.904 9.062 28.774 2.500
2 2 8 190.971 2.986 9.900 45.543 2.500
2 2 9 203.837 3.000 9.575 34.518 2.500
2 2 10 223.630 3.000 8.603 8.502 2.500
2 2 11 199.457 3.000 8.911 30.070 2.500
2 2 12 217.451 3.000 8.868 61.275 2.500
2 2 13 209.075 2.433 8.529 5.647 2.500
2 2 14 204.644 1.742 8.384 32.189 2.500
2 2 15 213.963 1.804 8.999 28.554 2.500
2 2 16 209.904 1.839 8.789 50.731 2.500
2 2 17 200.404 2.017 9.454 6.238 2.500
2 2 18 186.948 0.993 9.334 40.414 2.500
2 2 19 207.208 2.115 9.656 38.935 2.500
2 2 20 204.529 1.588 9.165 52.854 2.500
3 1 1 203.962 0.783 5.631 24.080 2.500
3 1 2 190.894 2.993 8.818 40.738 2.500
3 1 3 178.010 1.248 10.194 27.714 2.500
3 1 4 175.671 3.000 9.540 44.016 2.500
3 1 5 189.648 3.000 8.683 40.233 2.500
3 1 6 208.052 2.998 8.401 54.397 2.500
3 1 7 204.661 3.000 10.257 48.717 2.500
3 1 8 204.622 3.000 9.049 49.631 2.500
3 1 9 223.594 2.246 11.352 38.764 2.500
3 2 1 212.248 0.592 8.614 27.778 2.500
3 2 2 236.318 2.830 9.186 31.674 2.500
3 2 3 180.877 1.314 7.192 27.584 2.500
3 2 4 149.806 2.415 9.276 40.995 2.500
3 2 5 198.307 3.000 9.266 6.893 2.500
3 2 6 204.942 2.119 9.340 51.339 2.500
3 2 7 197.181 3.000 9.111 35.557 2.500
3 2 8 236.711 3.000 9.509 34.953 2.500
3 2 9 177.843 2.165 9.325 14.873 2.500
4 1 1 217.983 2.948 9.045 48.416 2.500
4 1 2 190.541 3.000 9.205 32.888 2.500
4 1 3 236.780 1.826 8.425 2.124 2.500
4 1 4 178.302 2.435 8.607 40.207 2.500
4 1 5 183.921 3.000 9.185 40.181 2.500
4 1 6 188.812 3.000 30.462 10.960 2.500
4 1 7 189.622 3.000 8.653 10.204 2.500
4 1 8 195.374 3.000 8.506 6.326 2.500
4 1 9 199.369 3.000 10.267 11.582 2.500
4 1 10 194.571 3.000 8.712 8.395 2.500
4 1 11 204.230 3.000 8.345 6.233 2.500
4 1 12 179.630 3.000 10.041 34.107 2.500
4 1 13 227.024 2.745 24.812 37.221 2.500
4 1 14 222.402 1.431 10.235 43.163 2.500
4 1 15 205.807 2.163 5.968 6.265 2.500
4 1 16 201.820 1.722 31.522 17.022 2.500
4 1 17 214.815 1.536 21.084 7.111 2.500
4 1 18 168.801 1.927 10.803 29.782 2.500
4 1 19 208.336 2.778 27.359 30.589 2.500
4 1 20 214.110 1.710 10.787 52.165 2.500
4 2 1 188.525 2.966 9.501 43.233 2.500
4 2 2 240.490 3.000 9.573 19.652 2.500
4 2 3 200.617 3.000 8.354 9.964 2.500
4 2 4 196.028 2.131 9.905 35.338 2.500
4 2 5 195.093 3.000 9.599 34.611 2.500
4 2 6 174.652 3.000 8.547 30.540 2.500
4 2 7 185.409 3.000 8.951 6.548 2.500
4 2 8 203.045 3.000 9.581 34.844 2.500
4 2 9 173.886 3.000 9.284 35.751 2.500
4 2 10 234.934 3.000 8.481 31.259 2.500
4 2 11 175.747 3.000 8.986 35.628 2.500
4 2 12 174.899 3.000 10.038 6.099 2.500
4 2 13 202.593 2.599 9.192 35.868 2.500
4 2 14 206.512 2.113 9.438 44.641 2.500
4 2 15 204.150 1.654 9.285 6.740 2.500
4 2 16 199.204 2.987 9.296 41.029 2.500
4 2 17 196.289 0.843 8.562 26.838 2.500
4 2 18 227.506 2.149 9.002 30.911 2.500
4 2 19 185.771 1.498 9.535 29.410 2.500
4 2 20 229.638 2.291 9.544 43.013 2.500
5 1 1 222.370 0.918 10.514 25.859 2.500
5 1 2 196.121 3.000 9.753 35.613 2.500
5 1 3 205.860 1.507 9.077 41.967 2.500
5 1 4 169.908 3.000 9.579 35.597 2.500
5 1 5 193.035 3.000 8.817 13.021 2.500
5 1 6 197.611 3.000 8.701 8.305 2.500
5 1 7 191.122 3.000 8.889 37.469 2.500
5 1 8 203.403 3.000 9.218 15.664 2.500
5 1 9 186.152 1.596 10.158 40.238 2.500
5 2 1 228.856 1.171 8.853 8.201 2.500
5 2 2 165.943 3.000 9.400 29.128 2.500
5 2 3 212.688 0.657 10.290 11.583 2.500
5 2 4 195.157 2.323 10.244 31.283 2.500
5 2 5 148.852 3.000 8.852 40.135 2.500
5 2 6 160.284 2.594 9.633 33.415 2.500
5 2 7 171.324 3.000 9.083 31.042 2.500
5 2 8 201.662 3.000 9.071 33.758 2.500
5 2 9 192.166 1.914 9.153 15.538 2.500
6 1 1 205.307 3.000 9.354 8.431 2.500
6 1 2 184.029 1.954 9.747 34.270 2.500
6 1 3 210.803 3.000 9.078 5.784 2.500
6 1 4 196.077 2.770 9.170 39.074 2.500
6 1 5 210.320 3.000 9.052 29.996 2.500
6 1 6 223.188 3.000 8.692 34.541 2.500
6 1 7 165.371 3.000 9.388 32.233 2.500
6 1 8 270.070 3.000 9.479 17.466 2.500
6 1 9 198.615 3.000 8.963 40.995 2.500
6 1 10 168.359 3.000 15.572 39.947 2.500
6 1 11 187.025 3.000 9.185 5.437 2.500
6 1 12 206.789 3.000 8.982 35.832 2.500
6 1 13 223.250 1.070 18.801 36.398 2.500
6 1 14 174.340 2.063 27.008 11.993 2.500
6 1 15 220.598 1.897 10.440 17.387 2.500
6 1 16 203.944 1.690 8.966 16.219 2.500
6 1 17 229.742 2.000 27.239 19.520 2.500
6 1 18 208.698 2.579 9.175 10.481 2.500
6 1 19 174.209 1.861 19.763 10.495 2.500
6 1 20 192.442 3.000 8.270 6.088 2.500
6 2 1 177.540 2.353 5.894 5.537 2.500
6 2 2 191.800 2.497 9.165 15.359 2.500
6 2 3 206.856 2.758 9.375 44.261 2.500
6 2 4 222.211 2.279 25.760 31.774 2.500
6 2 5 198.704 3.000 8.635 49.339 2.500
6 2 6 182.905 3.000 9.679 6.824 2.500
6 2 7 157.022 3.000 35.479 35.671 2.500
6 2 8 187.587 3.000 24.822 43.008 2.500
6 2 9 191.986 3.000 5.323 65.603 2.500
6 2 10 180.878 3.000 8.856 30.239 2.500
6 2 11 213.796 3.000 9.129 6.562 2.500
6 2 12 156.510 3.000 9.556 39.832 2.500
6 2 13 209.074 2.468 9.881 52.806 2.500
6 2 14 208.682 2.570 10.805 33.533 2.500
6 2 15 200.726 1.968 8.905 32.519 2.500
6 2 16 195.715 2.966 9.525 36.604 2.500
6 2 17 204.256 0.730 8.582 23.502 2.500
6 2 18 216.113 2.236 9.022 28.404 2.500
6 2 19 189.148 2.227 10.090 14.943 2.500
6 2 20 175.701 2.051 9.725 30.353 2.500
7 1 1 185.357 0.580 8.629 23.474 2.500
7 1 2 222.708 2.781 8.573 36.910 2.500
7 1 3 200.174 1.306 21.916 23.438 2.500
7 1 4 206.360 2.994 9.340 40.852 2.500
7 1 5 186.230 3.000 8.598 32.774 2.500
7 1 6 184.603 3.000 9.276 36.865 2.500
7 1 7 185.945 3.000 8.971 14.340 2.500
7 1 8 198.619 3.000 10.238 19.392 2.500
7 1 9 191.005 2.489 9.294 38.229 2.500
7 2 1 192.634 1.228 24.410 27.214 2.500
7 2 2 214.889 2.341 8.659 36.149 2.500
7 2 3 188.872 1.339 9.571 9.732 2.500
7 2 4 220.706 2.747 9.388 11.188 2.500
7 2 5 219.231 3.000 26.364 35.436 2.500
7 2 6 208.786 2.449 8.375 32.778 2.500
7 2 7 193.921 3.000 9.466 6.619 2.500
7 2 8 201.105 3.000 6.681 7.959 2.500
7 2 9 196.408 1.936 9.097 38.775 2.500
8 1 1 191.813 3.000 8.911 40.871 2.500
8 1 2 208.085 2.583 9.134 41.196 2.500
8 1 3 236.312 3.000 9.394 40.724 2.500
8 1 4 166.941 3.000 9.234 33.144 2.500
8 1 5 177.580 3.000 9.568 37.608 2.500
8 1 6 169.252 3.000 9.713 40.848 2.500
8 1 7 363.894 3.000 8.812 16.153 2.500
8 1 8 187.454 3.000 8.976 35.483 2.500
8 1 9 198.473 3.000 6.109 41.462 2.500
8 1 10 197.101 3.000 9.874 9.284 2.500
8 1 11 196.810 3.000 10.356 15.955 2.500
8 1 12 202.910 3.000 27.900 36.985 2.500
8 1 13 194.770 2.006 9.325 34.929 2.500
8 1 14 176.591 1.415 4.393 5.665 2.500
8 1 15 185.986 1.223 9.704 41.905 2.500
8 1 16 228.543 1.617 10.807 25.962 2.500
8 1 17 172.207 2.479 9.499 36.389 2.500
8 1 18 215.147 2.203 8.974 55.433 2.500
8 1 19 190.156 2.414 24.417 6.435 2.500
8 1 20 168.845 1.643 9.858 33.817 2.500
8 2 1 222.023 2.118 9.491 12.791 2.500
8 2 2 169.838 3.000 27.273 8.550 2.500
8 2 3 167.938 3.000 8.779 48.683 2.500
8 2 4 173.502 3.000 9.445 5.610 2.500
8 2 5 210.692 3.000 8.562 6.941 2.500
8 2 6 218.422 3.000 8.736 32.083 2.500
8 2 7 195.870 3.000 8.892 30.512 2.500
8 2 8 187.689 3.000 7.691 48.534 2.500
8 2 9 163.787 3.000 9.563 64.742 2.500
8 2 10 195.720 3.000 9.556 6.328 2.500
8 2 11 185.966 3.000 9.490 30.493 2.500
8 2 12 219.160 3.000 9.267 7.785 2.500
8 2 13 224.197 2.260 27.273 16.730 2.500
8 2 14 170.000 2.052 10.090 32.678 2.500
8 2 15 196.130 2.358 8.934 8.570 2.500
8 2 16 188.900 1.459 9.864 36.114 2.500
8 2 17 206.961 2.318 9.747 41.114 2.500
8 2 18 206.535 2.264 9.933 41.286 2.500
8 2 19 228.487 1.769 9.444 7.479 2.500
8 2 20 209.956 1.654 9.168 49.643 2.500
