1 1 1 22.052753 27.519424 81.773890 43.324782 156.519243 69.895751 0.494034 36.098326 47.603190 13.475182 31.051042 1356.597408
1 1 2 6.598393 28.799561 35.099154 37.801507 141.728559 156.441174 0.157570 36.901218 41.639065 45.646039 26.621378 76.909607
1 1 3 29.909940 26.989133 73.162372 40.137374 168.790925 107.738914 0.560329 36.098335 47.613859 13.802911 27.312033 462.058769
1 1 4 8.335101 28.808133 80.353256 44.970782 141.703356 162.906888 0.316540 37.109979 46.437867 52.256083 23.272158 30.562655
1 1 5 8.770817 8.044815 40.729361 88.804402 130.221283 323.036983 0.269487 0.882504 44.556856 44.752585 23.008553 12.520872
1 1 6 9.075933 33.000722 78.716638 38.347905 142.550905 160.531800 0.235542 38.271306 46.638965 47.202856 24.606307 37.364536
1 1 7 8.990470 39.976024 42.431736 46.989452 141.144732 157.466932 0.230542 51.981672 41.689681 51.015620 26.093654 38.395568
1 1 8 9.229462 6.550345 34.596215 35.439523 125.090827 105.755282 0.266679 0.268693 45.114939 49.816472 21.666803 36.029263
1 1 9 9.328968 52.289259 54.376174 26.130206 152.296014 35.933178 0.214934 NaN 29.378267 28.730120 23.681838 349.907898
1 2 1 8.249725 8.266866 67.486834 100.471985 151.738926 171.361075 0.423847 0.239670 36.015435 11.886807 21.733578 35.920466
1 2 2 9.073042 6.068483 29.178128 31.351732 135.277212 86.659816 0.275432 0.746932 36.852184 44.724490 20.172261 77.020206
1 2 3 28.115519 29.311940 45.188366 154.919116 151.036347 35.980785 0.736339 38.264479 64.282059 22.427309 18.745544 1102.576424
1 2 4 9.438281 28.041756 27.656278 29.213872 151.486365 199.688564 0.236003 37.070769 47.828257 47.774464 22.035723 20.588476
1 2 5 8.807951 33.719778 30.832194 32.273987 123.432772 794.005371 0.260565 NaN 40.049371 42.997447 17.536459 35.726294
1 2 6 9.196345 35.421126 29.167074 29.400368 151.821571 50.952481 0.328140 NaN 43.233697 48.585688 22.412882 26.834461
1 2 7 9.151282 32.037714 28.723487 28.265663 117.956586 125.548342 0.224250 38.300563 39.133411 43.724142 18.648828 25.140602
1 2 8 9.421165 36.383920 26.913886 28.925249 104.191170 118.442486 0.434230 43.781756 37.601155 40.739541 25.206159 31.485328
1 2 9 9.911822 44.283681 5.438295 39.945677 147.603165 24.205977 0.210687 NaN 23.317173 11.873897 19.113844 444.837439
2 1 1 21.085000 41.006832 79.636895 95.196256 149.340026 68.718838 0.420208 51.982173 48.292820 53.337692 26.271008 111.190316
2 1 2 9.311742 39.972343 80.985975 100.136283 143.931669 114.890429 0.286089 51.981716 47.484488 51.418378 25.588440 130.235576
2 1 3 11.990738 31.631068 78.240222 90.459955 136.209691 143.232269 0.421096 NaN 44.346594 48.697622 24.256687 63.285700
2 1 4 9.089793 44.587387 79.117202 95.163578 140.770143 157.689661 0.330572 57.035986 45.781119 50.084728 26.464076 39.305593
2 1 5 9.268412 37.599338 38.798028 42.502267 139.302071 200.295134 0.221866 46.927931 43.438060 46.860880 24.988658 12.710262
2 1 6 9.006764 29.444245 41.153708 90.919292 139.813972 635.026297 0.298032 NaN 46.456046 47.938548 23.843028 13.621616
2 1 7 8.726145 10.010114 76.559806 89.086996 135.815360 151.545842 0.339584 31.087091 41.739385 47.093313 23.467770 35.814911
2 1 8 8.310631 38.822577 74.707753 85.487726 130.382984 204.817615 0.277003 NaN 40.460162 45.043063 22.175909 11.432216
2 1 9 10.104023 36.451535 31.515432 34.958547 140.397122 158.556882 0.221264 46.927885 49.230351 52.302341 24.801638 35.252943
2 1 10 9.661581 7.911858 33.175527 80.884598 128.364230 148.765922 0.211550 2.338949 42.989261 41.078188 22.407814 27.710443
2 1 11 11.279391 9.572474 31.936307 34.419108 120.439325 81.664037 4.450382 0.140330 44.074369 50.544432 21.485630 44.784754
2 1 12 8.668913 29.536767 32.442375 35.639714 131.542003 135.135297 0.197891 37.627072 45.262808 54.315309 25.572938 26.912185
2 1 13 9.360475 14.137638 31.459684 83.521639 155.305863 174.513919 0.236766 0.294999 25.901615 44.095190 24.621750 32.949755
2 1 14 8.643085 9.650701 60.618550 31.010301 148.886370 167.025033 0.284228 0.148512 32.822801 27.850174 20.517462 29.402067
2 1 15 9.334693 39.553745 42.520943 47.603900 159.712368 37.527557 0.249311 51.981700 16.897041 15.277704 28.581803 775.607046
2 1 16 8.740606 5.182538 27.728876 31.039469 0.000000 33.630706 0.331703 0.217702 5.670302 6.353574 0.000000 6.312924
2 1 17 22.812572 29.092783 37.025844 24.684373 177.873947 26.985566 0.423005 36.816362 13.660869 28.163924 19.480653 702.867630
2 1 18 8.894726 44.162119 45.837530 24.103682 144.943039 97.166616 0.312430 57.035571 21.349305 26.377818 19.838593 49.113514
2 1 19 8.439802 16.474416 27.006142 75.411148 162.224029 177.827406 0.307539 0.166037 25.479486 37.845654 22.874961 36.070441
2 1 20 8.544292 8.083404 28.507191 75.073651 159.598249 171.235008 0.187527 0.081319 26.430490 47.582360 28.285196 53.052497
2 2 1 9.115671 27.777778 29.543487 29.885411 140.083285 33.732522 0.267828 36.098342 42.800206 43.533080 19.525491 18.313044
2 2 2 6.668545 10.620943 27.766469 28.841664 141.175535 30.453959 3.424889 0.120615 44.153379 49.651250 21.796509 17.393560
2 2 3 9.130084 30.765575 26.981909 28.007722 144.012010 72.032420 0.236539 37.960703 43.009962 49.380836 20.763222 16.108340
2 2 4 9.037896 8.916409 25.815923 77.227400 138.132107 157.285029 0.247303 0.212904 38.692244 40.865366 19.981025 27.409111
2 2 5 8.938971 41.215600 31.255925 74.885717 134.278910 295.949754 0.278010 NaN 40.061571 39.706447 19.607788 26.238925
2 2 6 8.677433 5.951845 30.089645 33.130552 132.832544 138.786222 0.200730 0.140694 41.548415 46.739326 21.149970 18.165928
2 2 7 9.062157 28.774011 30.971118 30.390432 115.116271 128.673857 0.338153 37.115196 36.107879 40.634128 16.325483 23.766189
2 2 8 9.900423 45.543255 30.263828 34.153365 122.770363 106.200197 0.327666 0.258303 39.118371 43.209716 18.624181 23.876245
2 2 9 9.574974 34.518485 26.247640 28.315272 115.719217 13.298534 0.239489 NaN 40.878123 43.821938 17.636233 20.275245
2 2 10 8.603225 8.501718 27.149484 72.943491 150.402225 171.231042 0.248798 0.276852 51.038230 40.185553 22.178041 31.470012
2 2 11 8.911034 30.070438 26.921163 28.911965 107.804179 107.119154 0.216320 41.874136 37.343144 41.297784 11.153221 32.137648
2 2 12 8.868112 61.275452 27.452014 29.589810 107.240678 117.822211 0.230126 33.234633 36.063699 40.359091 15.658674 24.575237
2 2 13 8.528724 5.646894 17.323527 29.170450 140.148553 158.706112 0.250525 43.346009 21.870190 31.187708 18.668071 22.457256
2 2 14 8.383889 32.188997 20.805372 23.107837 158.505086 102.377128 0.209236 38.488491 27.636821 32.284304 19.417403 50.049051
2 2 15 8.999261 28.554452 38.124808 39.764939 163.094225 16.935988 0.241252 37.103539 15.790315 11.836430 20.618834 858.016405
2 2 16 8.788864 50.730944 0.331610 19.689927 63.461987 29.391845 0.204382 0.832314 4.918954 19.407292 6.354884 36.172462
2 2 17 9.453730 6.238114 0.846944 62.281571 132.808943 20.779387 0.162378 0.038534 8.649545 34.168070 2.921141 759.403903
2 2 18 9.334153 40.413879 29.810010 33.756031 0.000000 43.353273 0.252302 1.035630 8.203632 12.446255 0.000000 10.800981
2 2 19 9.656020 38.934823 4.100861 44.789112 140.668487 109.240261 0.262636 NaN 15.634792 14.556390 16.688374 39.885747
2 2 20 9.165367 52.853940 24.019838 58.552964 142.292238 160.377003 0.259763 NaN 29.236412 28.362594 19.855654 24.504052
3 1 1 5.630790 24.080432 82.827773 53.912917 163.922217 41.909792 0.243094 0.063576 48.581676 23.442212 26.134276 1347.624427
3 1 2 8.818319 40.737985 81.703379 96.524914 140.347951 220.200435 0.291685 51.981998 47.060635 51.131771 24.251184 26.892570
3 1 3 10.193547 27.714255 79.092861 93.604301 159.799293 41.365953 0.620595 36.098338 47.046059 51.740443 21.120092 1155.087546
3 1 4 9.539558 44.016084 79.433529 91.307592 139.318754 71.339417 0.321205 41.133193 45.449314 49.862353 24.620970 23.432495
3 1 5 8.683157 40.232807 79.691574 97.018761 139.911854 157.949219 0.263686 NaN 44.688684 48.469497 23.585949 35.607575
3 1 6 8.400768 54.397224 83.883752 93.049337 143.956508 163.770605 0.296017 57.035665 47.671076 52.714186 26.812606 36.101109
3 1 7 10.256684 48.717443 74.254431 88.036992 130.898859 148.771514 0.330007 52.005218 40.958142 45.293355 22.948005 31.186505
3 1 8 9.049167 49.630765 33.233516 36.848621 125.980384 139.586307 0.221424 51.981639 46.054022 50.168315 21.741829 33.031691
3 1 9 11.351502 38.763950 31.114512 32.287513 142.891386 81.440347 0.987240 40.443423 24.173509 23.630799 11.401939 51.431454
3 2 1 8.614021 27.777778 33.790614 77.023212 155.243501 67.549189 0.461608 36.098418 66.488650 39.710528 20.968086 1113.765638
3 2 2 9.185917 31.674110 33.141776 29.471854 129.683944 157.070955 0.279692 37.911493 39.682585 43.133556 18.186102 17.998999
3 2 3 7.192333 27.583519 38.815506 208.325163 175.881805 56.187695 1.629652 35.303580 13.702011 12.355734 22.274732 1151.682491
3 2 4 9.276468 40.995064 29.147985 29.286109 121.658143 5.595362 0.251719 NaN 38.081665 43.999364 16.067254 12.312925
3 2 5 9.266246 6.893137 28.753347 32.524734 116.362981 130.790571 0.287537 37.749267 39.612474 41.463111 17.163899 24.462734
3 2 6 9.340081 51.338930 32.101692 74.230127 121.248385 25.835192 0.331355 40.357793 42.081999 35.935808 17.083250 14.028711
3 2 7 9.110658 35.557264 64.559305 31.317984 122.139136 134.334884 0.227579 NaN 33.194951 42.565902 18.818321 30.329629
3 2 8 9.509256 34.953127 26.312759 29.459140 104.225865 67.825999 0.208701 NaN 35.774574 40.421754 14.829374 36.936988
3 2 9 9.325406 14.872803 37.389143 23.343219 118.953814 12.795787 0.289047 0.351995 13.117319 30.464023 2.344248 13.201292
4 1 1 9.044696 48.416440 81.435396 40.653068 144.487671 35.045369 0.311990 41.046558 46.851714 46.402470 26.139932 91.767686
4 1 2 9.204626 32.887909 37.734753 37.355069 141.486669 137.889688 0.242303 38.953110 48.556657 43.189261 26.612290 64.760259
4 1 3 8.424665 2.124378 80.590528 38.075198 143.495013 49.672422 0.433817 29.409272 47.934483 50.994248 24.725779 60.604484
4 1 4 8.606544 40.206735 80.357666 95.207122 148.418219 174.158404 0.353582 NaN 48.993700 53.374091 26.709151 38.356792
4 1 5 9.185048 40.180630 38.449207 41.334149 129.073246 145.611932 0.260080 51.981816 45.563972 47.826477 31.787600 34.786018
4 1 6 30.462086 10.959961 75.287687 41.373772 137.097604 146.871043 0.562857 0.130342 42.592357 51.756745 24.126807 17.227411
4 1 7 8.652931 10.203539 75.370451 42.027286 136.540034 156.030194 0.226226 0.212312 43.394578 53.356215 23.824012 32.028673
4 1 8 8.505919 6.326422 75.865957 44.924808 130.148266 145.703496 0.371772 44.103316 41.253067 46.615262 21.987337 33.455558
4 1 9 10.266808 11.581644 32.001319 34.430870 131.417150 125.665163 0.294279 0.197194 47.338846 54.747751 22.725922 34.150857
4 1 10 8.711531 8.394715 30.171074 33.319131 115.026133 67.715061 0.261270 0.125364 44.862030 50.069102 20.359812 54.742085
4 1 11 8.345198 6.232609 32.636209 36.400505 131.722465 123.247847 0.285496 0.137619 50.524524 55.000174 25.947895 28.309383
4 1 12 10.040995 34.107277 33.376723 36.779977 123.561296 111.724183 0.356296 NaN 46.551077 51.929143 21.056899 44.957353
4 1 13 24.812090 37.221135 50.554438 41.247641 172.053643 49.948902 0.312880 46.927901 23.980581 14.013290 20.308686 12.785395
4 1 14 10.234656 43.162529 60.846619 32.368099 150.484448 165.442384 0.499010 1.881454 32.708251 25.250533 22.355729 32.351412
4 1 15 5.967899 6.265313 22.415009 23.616664 162.851075 26.478337 0.164397 0.107028 27.290317 30.984948 24.004167 434.619192
4 1 16 31.522282 17.021987 60.713771 15.749620 125.929636 74.431159 0.055705 0.035046 32.448644 30.267509 16.780735 37.382451
4 1 17 21.083823 7.110508 5.877483 1.508150 0.000000 67.717475 0.803782 0.206781 5.614676 15.900790 0.000000 31.828294
4 1 18 10.803333 29.782394 35.001739 38.294368 169.089242 34.591402 0.182296 37.076550 12.215311 10.545467 22.866237 982.229148
4 1 19 27.358887 30.588564 57.635640 62.241969 167.255078 40.231823 0.384527 39.708155 33.370265 42.291241 31.595334 513.374125
4 1 20 10.786505 52.165363 35.002442 36.221650 145.757511 122.265760 2.758980 0.494870 24.045223 26.782227 21.254788 18.591842
4 2 1 9.501345 43.233117 26.256904 28.119414 141.674063 161.724284 0.308355 NaN 44.258541 49.803618 21.732979 28.277937
4 2 2 9.572566 19.652145 28.017461 31.934445 163.540867 29.459262 0.282828 0.194992 50.200998 53.861080 22.245693 16.529774
4 2 3 8.353854 9.964329 28.409047 27.670933 146.661742 32.229745 0.220757 0.550432 47.972552 50.591360 20.351928 24.927706
4 2 4 9.905429 35.337705 28.509188 29.865617 130.702555 19.753483 0.267769 39.512492 39.857041 39.577603 18.551133 62.894888
4 2 5 9.599412 34.611110 31.097401 34.636966 124.297467 569.932346 0.264628 NaN 40.006018 43.613332 18.167640 31.097796
4 2 6 8.547357 30.539784 27.580449 30.722561 128.277111 145.243972 0.172437 37.704878 40.757981 45.380167 18.018504 24.102866
4 2 7 8.950516 6.547683 32.572114 37.357439 134.914822 224.989516 0.266089 41.405431 44.812030 46.429127 19.204195 16.555101
4 2 8 9.581320 34.843640 29.768731 33.051344 117.892590 132.090720 0.326154 NaN 38.903773 44.737051 16.596666 24.976056
4 2 9 9.283737 35.751333 30.733911 33.414368 111.466944 83.415187 0.235139 46.927922 40.589740 43.317949 17.777886 39.305446
4 2 10 8.481090 31.259049 23.906028 25.461737 100.185719 110.001628 0.211349 38.369932 38.098726 43.185859 14.851678 23.427027
4 2 11 8.985843 35.627932 25.625420 27.900067 123.335975 69.723417 0.209620 NaN 44.114944 49.837181 18.350884 44.851894
4 2 12 10.038249 6.098786 29.298251 30.514166 110.380453 117.245448 0.290698 40.544022 38.545351 42.861748 22.334786 30.404378
4 2 13 9.192407 35.867849 26.401926 65.609003 154.703480 65.412405 0.336980 39.735983 31.599713 32.879027 16.018232 31.870289
4 2 14 9.437908 44.641400 38.567189 22.263071 148.894865 167.525637 0.305000 46.927873 16.415383 32.720147 20.279894 24.396177
4 2 15 9.285151 6.739790 0.206459 43.595484 156.036047 28.151431 0.218974 0.155837 10.672504 13.732499 18.308624 608.015970
4 2 16 9.296026 41.029209 18.918488 22.274968 226.942509 2.516392 0.208004 NaN 31.149884 36.705362 11.120911 968.513356
4 2 17 8.562477 26.837913 27.238381 31.027277 0.000000 12.413281 0.309214 NaN 5.624360 5.518746 0.000000 71.295769
4 2 18 9.002068 30.910906 8.652983 54.254349 147.954746 28.066712 0.282198 37.946889 13.240468 29.426283 14.588035 363.647152
4 2 19 9.534711 29.409627 20.219284 40.183256 143.893295 107.318322 0.357207 37.250729 28.759578 11.702751 18.152223 49.423947
4 2 20 9.543809 43.012958 59.159481 27.354972 144.458670 69.192174 0.305784 NaN 30.339436 31.412145 19.424272 12.480022
5 1 1 10.513669 25.859061 83.284907 106.776863 166.110814 48.125806 0.567710 36.098603 49.193747 50.163534 27.390951 1264.962299
5 1 2 9.752972 35.612528 80.499681 48.918809 146.905613 168.542556 0.323544 46.927907 48.667392 49.883068 27.249713 36.895305
5 1 3 9.077379 41.966532 84.988099 92.420880 166.959079 156.504343 0.448287 46.928097 49.590728 54.693785 26.454987 102.546788
5 1 4 9.578813 35.596623 81.447926 98.464483 140.812199 160.484250 0.330744 46.927948 45.803379 50.495850 23.380231 33.167200
5 1 5 8.816930 13.020538 42.575852 89.495047 130.577798 367.140058 0.327046 1.152635 45.688648 44.112129 22.176364 22.572666
5 1 6 8.701119 8.305242 44.917916 95.321547 138.235410 110.118028 0.268893 0.157991 43.487483 49.812754 24.682687 107.750522
5 1 7 8.889128 37.468909 76.253898 51.672642 126.647079 139.139825 0.323540 46.928054 39.859774 46.801616 21.879617 36.220397
5 1 8 9.217507 15.663509 36.595656 37.705688 120.801435 133.413412 0.255637 0.367448 44.664700 50.841609 20.485121 32.334485
5 1 9 10.157613 40.237571 24.559847 28.804035 161.238035 58.348526 0.206466 51.981668 26.042586 29.522730 24.346014 1122.282230
5 2 1 8.853031 8.200706 41.744163 183.309478 159.538108 177.781199 0.408639 0.347385 16.561016 14.180987 20.857121 27.947042
5 2 2 9.399648 29.127648 28.686278 27.847532 146.555269 46.788480 0.295760 37.250740 46.297345 50.229751 23.128888 14.959905
5 2 3 10.290037 11.582612 156.100775 74.726221 163.299872 73.839852 0.365121 0.298921 12.335494 38.410123 25.954637 1302.290496
5 2 4 10.243595 31.282675 29.699562 30.074526 126.884809 9.509232 0.361569 41.874323 41.458383 46.825204 17.464952 12.574657
5 2 5 8.852230 40.134599 30.075825 34.054653 122.334246 180.243166 0.275316 46.927898 42.223553 44.817786 18.652129 17.674498
5 2 6 9.633253 33.414989 29.071554 28.537107 132.118788 183.992834 0.325377 38.900391 40.239551 46.868086 19.274786 15.462940
5 2 7 9.083067 31.041952 30.264225 30.632126 118.806096 133.566218 0.201057 37.958035 38.363247 43.461137 16.636860 25.373113
5 2 8 9.070674 33.758386 58.702224 28.834239 120.146988 75.516895 0.185929 NaN 30.481561 45.678061 18.149008 26.600505
5 2 9 9.152707 15.537728 7.931494 56.057026 145.774304 83.401270 0.250972 0.154351 12.074633 25.513076 16.306405 40.290296
6 1 1 9.353772 8.430864 82.211872 43.507560 141.770645 151.590888 0.322679 0.599307 45.545018 40.280660 26.274300 100.610737
6 1 2 9.746819 34.269767 77.770266 89.863376 132.867318 22.034139 0.327388 35.491402 42.848551 46.717915 25.641056 71.649030
6 1 3 9.077902 5.784250 47.485231 97.732096 140.369490 31.931362 0.380474 0.237238 49.096262 48.712071 27.556156 35.900889
6 1 4 9.170452 39.073982 78.992468 98.289745 144.388946 163.175331 0.226106 40.564992 47.464010 50.414725 27.144204 39.321438
6 1 5 9.052015 29.995877 75.414016 88.755839 129.413920 120.879898 0.300932 38.090656 40.352654 44.335139 22.387503 12.648542
6 1 6 8.692330 34.541459 71.268895 35.999105 127.104578 144.444324 0.277826 NaN 38.693190 50.372947 21.427731 28.797441
6 1 7 9.387977 32.233335 73.376415 42.961352 129.432046 130.105389 0.336379 38.846296 38.884515 50.609579 21.757039 26.290488
6 1 8 9.479047 17.466281 76.709991 43.744474 139.222717 157.937542 0.294267 32.891937 43.463855 51.849108 23.497579 33.363083
6 1 9 8.962915 40.994958 31.960060 36.266574 127.156005 138.855774 0.242914 46.927862 46.358342 50.845502 22.115607 35.971780
6 1 10 15.572455 39.947032 32.313592 34.359945 118.462915 54.217036 1.632640 46.927940 47.031324 49.490774 18.960328 35.453590
6 1 11 9.185373 5.437463 32.268534 34.228209 121.673612 135.211327 0.219403 39.578020 48.602620 51.969656 20.284550 31.769520
6 1 12 8.981713 35.831650 71.104941 40.993869 131.437093 135.520425 0.437265 46.927890 38.722593 51.241276 30.248367 26.112630
6 1 13 18.801263 36.398405 32.950999 38.201732 144.988402 122.596392 1.099939 NaN 22.733783 28.461011 21.322710 48.471356
6 1 14 27.008137 11.993156 58.398282 28.889028 165.954359 128.194363 0.318613 0.058621 32.646783 32.339305 25.314265 71.404301
6 1 15 10.439980 17.386748 21.124337 25.063054 161.123915 32.171252 0.273419 0.142988 27.129895 28.412426 25.064483 1238.991122
6 1 16 8.965863 16.218830 46.844155 26.677049 191.614082 16.789970 0.257758 0.142899 22.042961 26.278174 23.483190 636.061870
6 1 17 27.238683 19.520475 17.189170 49.345546 0.000000 93.334472 0.541027 0.085038 23.047817 20.301453 0.000000 38.836162
6 1 18 9.175093 10.481271 23.857481 61.504727 162.324622 27.292274 0.236313 0.924993 23.385124 28.139303 22.457591 543.340821
6 1 19 19.763412 10.494876 26.673758 74.142802 158.408133 181.587599 0.512976 0.292016 23.107434 36.663840 22.067636 28.171089
6 1 20 8.270332 6.088434 29.541334 75.044175 161.910494 89.055453 0.199134 0.056207 26.794677 48.410885 27.311238 83.434386
6 2 1 5.893962 5.537226 25.135243 26.709563 142.182776 16.916817 2.490774 0.140519 39.983610 44.826013 24.760134 58.929917
6 2 2 9.164559 15.358737 30.935617 33.904768 124.772837 18.530314 0.363180 0.402465 43.926794 43.605505 17.894709 19.391069
6 2 3 9.374507 44.260634 29.539920 28.198391 123.589199 17.784801 0.228347 41.167693 43.119507 45.922108 19.051311 39.618552
6 2 4 25.760097 31.773998 25.479245 77.312721 143.117283 28.814477 0.405955 38.292507 43.652743 41.013906 25.518371 20.508698
6 2 5 8.634565 49.339478 28.464670 29.647139 122.699684 128.949892 0.268072 NaN 40.362750 44.827024 19.520409 37.300535
6 2 6 9.678691 6.823736 30.571794 32.600959 134.195406 159.615640 0.273163 0.115626 43.523734 47.636912 19.049972 19.074322
6 2 7 35.479093 35.671061 33.055031 76.069646 128.554648 143.148835 2.427611 46.928018 41.152844 37.571422 19.015587 28.975959
6 2 8 24.822064 43.008156 66.590492 32.129409 134.769311 150.165445 0.442915 1.294977 36.740080 46.182114 21.731589 31.457466
6 2 9 5.322594 65.603382 26.373487 65.469036 119.114903 55.448744 36.496405 40.603692 41.565213 32.428293 17.100309 69.436339
6 2 10 8.856170 30.239491 51.253100 24.028106 104.583496 43.259634 0.170567 NaN 25.103880 43.343856 14.599451 27.947692
6 2 11 9.129237 6.562000 25.494585 62.960132 108.438515 15.287283 0.197705 43.555595 39.656318 28.630754 15.208667 60.999105
6 2 12 9.556172 39.831682 33.103011 34.993672 116.909096 128.339021 0.325194 51.981725 41.156792 43.190266 16.446425 28.701046
6 2 13 9.880769 52.806414 55.218615 25.747966 139.890744 107.011283 0.251484 1.093374 28.308111 30.422053 18.766553 33.875438
6 2 14 10.805440 33.533474 20.286351 22.104367 161.094176 128.460607 0.385830 NaN 28.391646 32.990909 19.571144 49.897172
6 2 15 8.904711 32.518774 19.653706 20.565684 134.182875 25.934748 0.262562 NaN 19.907836 26.467774 12.577189 811.954790
6 2 16 9.524575 36.604352 23.290443 25.623015 246.397333 14.127317 0.258705 46.927951 35.349647 39.418039 24.783779 605.509637
6 2 17 8.581609 23.502401 52.643016 12.235284 0.000000 36.823583 0.369879 0.078193 3.279110 7.814096 0.000000 8.600959
6 2 18 9.021741 28.404081 0.668886 40.754513 155.545160 72.950373 0.198947 36.980469 16.067378 12.412377 21.281815 35.681776
6 2 19 10.089861 14.943079 22.341952 24.192621 150.014250 100.997718 0.451386 0.167521 26.644228 32.205200 18.583509 48.167025
6 2 20 9.725243 30.353020 39.419475 26.977832 159.294932 180.546531 0.308288 37.377762 14.469485 32.195288 21.140728 30.011372
7 1 1 8.628897 23.474213 91.659383 95.689127 159.843141 76.135912 0.358039 0.676014 71.529780 51.607109 25.908067 1219.524089
7 1 2 8.572751 36.910339 40.976884 41.377831 150.894334 173.063365 0.278201 40.066242 47.901054 41.749713 28.117341 39.631189
7 1 3 21.916116 23.438329 83.686563 90.568100 160.370833 185.884193 0.579518 0.145255 48.573767 52.581077 24.672466 37.706001
7 1 4 9.340106 40.852309 80.063982 43.131834 180.675771 31.204141 0.268380 51.982179 45.880623 52.557699 26.781513 39.879893
7 1 5 8.598462 32.774230 38.914873 92.115696 136.735812 153.604472 0.326952 38.809134 47.416443 47.284138 24.404112 35.847605
7 1 6 9.276169 36.864557 83.117557 96.369475 147.508144 167.140455 0.249319 46.928045 48.496037 53.550729 25.604668 42.948121
7 1 7 8.971015 14.340077 79.684086 93.299418 147.717549 169.439770 0.234865 0.982600 46.385629 52.143316 28.258657 15.112374
7 1 8 10.237946 19.391884 34.675069 35.809047 131.778036 147.941497 0.235231 35.544381 49.410022 51.210307 22.956424 32.957843
7 1 9 9.293582 38.228929 57.154086 70.929797 157.002341 50.119428 0.305822 0.844440 29.892192 32.729503 24.314301 1173.011048
7 2 1 24.409528 27.214438 65.901998 73.162967 157.035501 70.548315 0.646937 36.098337 37.140848 37.028509 22.086302 1061.855726
7 2 2 8.659278 36.149354 29.858495 27.855748 130.768649 104.250745 0.204790 NaN 38.732000 46.516180 19.186435 13.170011
7 2 3 9.571165 9.732171 29.310934 49.324088 154.389843 61.677479 0.350826 0.276355 10.418197 19.109785 20.224896 1139.888999
7 2 4 9.388257 11.187561 30.135493 30.010489 132.580079 34.316233 0.237490 0.468554 43.022400 47.049813 20.577599 17.306944
7 2 5 26.363636 35.436398 61.607550 29.413978 118.465335 130.903049 0.932893 NaN 32.235372 44.063511 18.341736 29.464979
7 2 6 8.375490 32.778264 25.486440 26.224503 152.606464 27.858813 0.221303 38.274250 41.585053 48.446236 22.082163 22.863975
7 2 7 9.465599 6.619371 30.425734 29.884012 125.216146 140.855138 0.252879 0.116473 41.418973 44.059928 19.252887 28.185362
7 2 8 6.680801 7.958543 27.535405 29.878780 155.464188 176.775454 3.835693 0.117828 50.581290 55.261662 22.688344 31.478265
7 2 9 9.096796 38.774665 19.677519 22.139309 164.515824 23.233356 0.233423 NaN 28.275955 32.574570 17.453201 1042.637167
8 1 1 8.910737 40.870717 40.930217 42.467493 151.370007 158.541791 0.279884 NaN 46.457838 44.707591 27.007165 79.371211
8 1 2 9.133946 41.195774 39.347842 44.113975 138.144249 53.628217 0.255742 NaN 45.110233 50.468561 24.577007 36.766120
8 1 3 9.393970 40.723721 37.858977 46.553156 135.452656 53.265314 0.247086 51.982186 46.820483 47.891982 24.550157 25.764754
8 1 4 9.234159 33.144397 38.697891 46.573757 135.320000 66.878917 1.259941 38.972077 43.606968 46.662107 23.093751 98.662052
8 1 5 9.567864 37.607690 37.099223 88.491324 135.525166 151.925829 0.362058 0.386477 45.657005 46.493106 22.806735 33.061170
8 1 6 9.712999 40.847930 39.204542 39.845585 134.927891 151.801179 0.230089 NaN 45.047062 47.727950 23.069601 33.175544
8 1 7 8.812065 16.153354 74.521127 89.978336 139.242251 136.216893 0.239562 0.108465 42.004775 46.649145 29.968874 12.747371
8 1 8 8.976474 35.483423 38.703054 38.176228 138.717048 157.313836 0.277101 46.927875 43.781653 49.884353 26.144284 35.535317
8 1 9 6.108677 41.462296 33.824514 82.394224 133.161837 101.044744 39.004812 46.927880 46.968977 44.073885 22.968029 18.762612
8 1 10 9.874461 9.283863 31.482941 81.703555 132.016550 171.583150 0.319892 0.243904 49.775640 42.690364 23.861021 28.959756
8 1 11 10.356368 15.955406 31.797951 34.210679 121.876304 134.054359 0.623928 0.192730 46.819289 50.870723 20.164316 32.058135
8 1 12 27.899877 36.984671 33.781117 37.661439 133.553985 111.111955 0.743901 46.927910 45.944921 50.917176 23.724815 20.200370
8 1 13 9.325383 34.928920 31.374430 85.707258 157.282819 177.033191 0.252779 NaN 26.163277 45.193416 24.669749 32.891656
8 1 14 4.393366 5.665192 25.710540 67.067096 160.002206 181.266014 33.899580 0.169028 23.459060 37.709422 24.369501 30.636964
8 1 15 9.704426 41.904765 48.139028 43.392533 159.855194 34.360262 0.528522 46.927982 23.856780 13.318392 20.998142 978.021346
8 1 16 10.807041 25.961529 61.847372 0.174418 0.000000 34.521882 0.267746 0.880479 5.543895 6.464031 0.000000 650.484789
8 1 17 9.499463 36.389320 22.970760 25.554584 146.163096 22.721024 0.326196 NaN 19.342020 25.270353 18.044165 658.602432
8 1 18 8.974074 55.433192 23.073312 63.110645 164.267226 91.076387 0.278410 0.125421 18.347299 29.215305 20.902428 50.237507
8 1 19 24.416850 6.435472 23.991629 67.127907 162.451354 109.946368 0.198590 0.160209 25.768500 37.825329 24.780962 70.353640
8 1 20 9.858303 33.816647 35.595982 42.761800 149.877450 171.688310 0.249746 NaN 21.897373 29.422073 23.118612 30.605008
8 2 1 9.490629 12.791488 27.300728 30.362585 137.449663 137.211495 0.239810 0.844054 38.657862 47.310078 21.500586 49.333828
8 2 2 27.272727 8.549645 29.841354 30.508441 145.715491 38.987061 2.230762 0.202509 43.230813 49.294845 20.676239 15.458483
8 2 3 8.779391 48.682759 30.771897 30.101308 142.538344 160.087057 0.213197 1.142868 41.506548 45.762558 20.712566 13.619574
8 2 4 9.445139 5.609843 26.969137 28.744351 151.545889 31.834184 0.280013 42.079640 43.577133 45.360326 21.076410 42.884496
8 2 5 8.562146 6.940912 31.315705 73.750403 120.216115 0.840453 0.216767 0.262352 40.422386 35.052285 17.754434 10.516369
8 2 6 8.735734 32.082899 30.811918 32.307339 132.606693 148.518939 0.293906 41.874092 41.559425 44.902670 19.952513 29.353521
8 2 7 8.891761 30.511537 29.367783 29.078662 130.188790 139.783623 0.214866 41.874652 41.253340 44.334756 20.125415 17.113606
8 2 8 7.691245 48.533799 63.965472 33.264718 133.849325 150.494188 0.253002 51.981644 35.428429 45.597677 20.859501 29.956120
8 2 9 9.563184 64.742254 26.042645 67.503400 123.665002 112.174150 0.284549 40.334902 39.918386 33.967408 17.917554 45.932784
8 2 10 9.556222 6.328181 54.989268 27.751821 121.746258 66.749316 0.317635 43.599360 28.535446 47.123276 17.420789 33.289497
8 2 11 9.489807 30.493054 24.903163 26.546199 115.814906 56.131928 0.205479 37.721800 39.407270 44.203865 16.289749 29.459152
8 2 12 9.266636 7.785020 25.268189 27.967449 118.405543 8.160338 0.236768 0.149019 42.927772 47.618189 18.370158 16.835817
8 2 13 27.272727 16.730325 25.246286 66.701578 158.573501 178.922843 8.971373 0.551789 30.069686 32.905439 19.270652 26.681134
8 2 14 10.089540 32.678173 40.018729 22.480811 154.723840 102.629959 0.397849 NaN 17.317206 30.021514 18.173450 49.994234
8 2 15 8.934264 8.569987 46.626949 20.342778 168.113093 25.328749 0.228095 0.185693 26.470469 28.469749 16.265959 638.552749
8 2 16 9.863704 36.113539 32.685138 20.585023 0.000000 24.015681 0.220158 46.927901 10.959459 14.596600 0.000000 217.850825
8 2 17 9.747179 41.113882 0.112951 20.361608 146.758362 19.490468 0.178793 2.483788 12.140467 30.371119 2.192956 746.960011
8 2 18 9.933168 41.285724 37.372551 22.955109 155.298500 18.219904 0.286185 51.981950 14.016784 28.973307 23.429278 45.848051
8 2 19 9.443988 7.478771 35.880287 22.750562 151.256189 101.387635 0.177952 32.648831 14.150169 32.978472 21.525746 51.073906
8 2 20 9.168139 49.642538 25.231151 30.099042 157.736216 170.717833 0.242686 51.983117 26.717783 33.916337 21.862195 29.477538
