1 1 1 156.519 1.200
1 1 2 141.729 1.200
1 1 3 168.791 1.200
1 1 4 141.703 1.200
1 1 5 130.221 1.200
1 1 6 142.551 1.200
1 1 7 141.145 1.200
1 1 8 125.091 1.200
1 1 9 152.296 1.200
1 2 1 151.739 2.650
1 2 2 135.277 2.650
1 2 3 151.036 2.650
1 2 4 151.486 2.650
1 2 5 123.433 2.650
1 2 6 151.822 2.650
1 2 7 117.957 2.650
1 2 8 104.191 2.650
1 2 9 147.603 2.650
2 1 1 149.340 1.200
2 1 2 143.932 1.200
2 1 3 136.210 1.200
2 1 4 140.770 1.200
2 1 5 139.302 1.200
2 1 6 139.814 1.200
2 1 7 135.815 1.200
2 1 8 130.383 1.200
2 1 9 140.397 1.200
2 1 10 128.364 1.200
2 1 11 120.439 1.200
2 1 12 131.542 1.200
2 1 13 155.306 1.200
2 1 14 148.886 1.200
2 1 15 159.712 1.200
2 1 16 0.000 1.200
2 1 17 177.874 1.200
2 1 18 144.943 1.200
2 1 19 162.224 1.200
2 1 20 159.598 1.200
2 2 1 140.083 2.650
2 2 2 141.176 2.650
2 2 3 144.012 2.650
2 2 4 138.132 2.650
2 2 5 134.279 2.650
2 2 6 132.833 2.650
2 2 7 115.116 2.650
2 2 8 122.770 2.650
2 2 9 115.719 2.650
2 2 10 150.402 2.650
2 2 11 107.804 2.650
2 2 12 107.241 2.650
2 2 13 140.149 2.650
2 2 14 158.505 2.650
2 2 15 163.094 2.650
2 2 16 63.462 2.650
2 2 17 132.809 2.650
2 2 18 0.000 2.650
2 2 19 140.668 2.650
2 2 20 142.292 2.650
3 1 1 163.922 1.200
3 1 2 140.348 1.200
3 1 3 159.799 1.200
3 1 4 139.319 1.200
3 1 5 139.912 1.200
3 1 6 143.957 1.200
3 1 7 130.899 1.200
3 1 8 125.980 1.200
3 1 9 142.891 1.200
3 2 1 155.244 2.650
3 2 2 129.684 2.650
3 2 3 175.882 2.650
3 2 4 121.658 2.650
3 2 5 116.363 2.650
3 2 6 121.248 2.650
3 2 7 122.139 2.650
3 2 8 104.226 2.650
3 2 9 118.954 2.650
4 1 1 144.488 1.200
4 1 2 141.487 1.200
4 1 3 143.495 1.200
4 1 4 148.418 1.200
4 1 5 129.073 1.200
4 1 6 137.098 1.200
4 1 7 136.540 1.200
4 1 8 130.148 1.200
4 1 9 131.417 1.200
4 1 10 115.026 1.200
4 1 11 131.722 1.200
4 1 12 123.561 1.200
4 1 13 172.054 1.200
4 1 14 150.484 1.200
4 1 15 162.851 1.200
4 1 16 125.930 1.200
4 1 17 0.000 1.200
4 1 18 169.089 1.200
4 1 19 167.255 1.200
4 1 20 145.758 1.200
4 2 1 141.674 2.650
4 2 2 163.541 2.650
4 2 3 146.662 2.650
4 2 4 130.703 2.650
4 2 5 124.297 2.650
4 2 6 128.277 2.650
4 2 7 134.915 2.650
4 2 8 117.893 2.650
4 2 9 111.467 2.650
4 2 10 100.186 2.650
4 2 11 123.336 2.650
4 2 12 110.380 2.650
4 2 13 154.703 2.650
4 2 14 148.895 2.650
4 2 15 156.036 2.650
4 2 16 226.943 2.650
4 2 17 0.000 2.650
4 2 18 147.955 2.650
4 2 19 143.893 2.650
4 2 20 144.459 2.650
5 1 1 166.111 1.200
5 1 2 146.906 1.200
5 1 3 166.959 1.200
5 1 4 140.812 1.200
5 1 5 130.578 1.200
5 1 6 138.235 1.200
5 1 7 126.647 1.200
5 1 8 120.801 1.200
5 1 9 161.238 1.200
5 2 1 159.538 2.650
5 2 2 146.555 2.650
5 2 3 163.300 2.650
5 2 4 126.885 2.650
5 2 5 122.334 2.650
5 2 6 132.119 2.650
5 2 7 118.806 2.650
5 2 8 120.147 2.650
5 2 9 145.774 2.650
6 1 1 141.771 1.200
6 1 2 132.867 1.200
6 1 3 140.369 1.200
6 1 4 144.389 1.200
6 1 5 129.414 1.200
6 1 6 127.105 1.200
6 1 7 129.432 1.200
6 1 8 139.223 1.200
6 1 9 127.156 1.200
6 1 10 118.463 1.200
6 1 11 121.674 1.200
6 1 12 131.437 1.200
6 1 13 144.988 1.200
6 1 14 165.954 1.200
6 1 15 161.124 1.200
6 1 16 191.614 1.200
6 1 17 0.000 1.200
6 1 18 162.325 1.200
6 1 19 158.408 1.200
6 1 20 161.910 1.200
6 2 1 142.183 2.650
6 2 2 124.773 2.650
6 2 3 123.589 2.650
6 2 4 143.117 2.650
6 2 5 122.700 2.650
6 2 6 134.195 2.650
6 2 7 128.555 2.650
6 2 8 134.769 2.650
6 2 9 119.115 2.650
6 2 10 104.583 2.650
6 2 11 108.439 2.650
6 2 12 116.909 2.650
6 2 13 139.891 2.650
6 2 14 161.094 2.650
6 2 15 134.183 2.650
6 2 16 246.397 2.650
6 2 17 0.000 2.650
6 2 18 155.545 2.650
6 2 19 150.014 2.650
6 2 20 159.295 2.650
7 1 1 159.843 1.200
7 1 2 150.894 1.200
7 1 3 160.371 1.200
7 1 4 180.676 1.200
7 1 5 136.736 1.200
7 1 6 147.508 1.200
7 1 7 147.718 1.200
7 1 8 131.778 1.200
7 1 9 157.002 1.200
7 2 1 157.036 2.650
7 2 2 130.769 2.650
7 2 3 154.390 2.650
7 2 4 132.580 2.650
7 2 5 118.465 2.650
7 2 6 152.606 2.650
7 2 7 125.216 2.650
7 2 8 155.464 2.650
7 2 9 164.516 2.650
8 1 1 151.370 1.200
8 1 2 138.144 1.200
8 1 3 135.453 1.200
8 1 4 135.320 1.200
8 1 5 135.525 1.200
8 1 6 134.928 1.200
8 1 7 139.242 1.200
8 1 8 138.717 1.200
8 1 9 133.162 1.200
8 1 10 132.017 1.200
8 1 11 121.876 1.200
8 1 12 133.554 1.200
8 1 13 157.283 1.200
8 1 14 160.002 1.200
8 1 15 159.855 1.200
8 1 16 0.000 1.200
8 1 17 146.163 1.200
8 1 18 164.267 1.200
8 1 19 162.451 1.200
8 1 20 149.877 1.200
8 2 1 137.450 2.650
8 2 2 145.715 2.650
8 2 3 142.538 2.650
8 2 4 151.546 2.650
8 2 5 120.216 2.650
8 2 6 132.607 2.650
8 2 7 130.189 2.650
8 2 8 133.849 2.650
8 2 9 123.665 2.650
8 2 10 121.746 2.650
8 2 11 115.815 2.650
8 2 12 118.406 2.650
8 2 13 158.574 2.650
8 2 14 154.724 2.650
8 2 15 168.113 2.650
8 2 16 0.000 2.650
8 2 17 146.758 2.650
8 2 18 155.298 2.650
8 2 19 151.256 2.650
8 2 20 157.736 2.650
