72 5 7 88.250000 10 50 140 940 400
72 5 4 100.625000 10 50 147 940 400
72 5 6 221.293049 10 50 138 940 400
72 6 4 135.624021 10 50 147 940 400
72 3 1 145.292904 10 50 41 940 400
72 4 5 213.478509 10 50 168 940 400
72 6 6 193.648462 10 50 204 940 400
72 8 2 168.076429 10 50 33 940 400
72 8 4 148.524741 10 50 267 940 400
72 5 13 202.162032 10 50 42 940 400
72 5 12 204.118633 10 50 31 940 400
72 5 14 235.938819 10 50 150 940 400
72 6 9 208.644896 10 50 143 940 400
72 3 15 182.549994 10 50 172 940 400
72 4 12 166.486823 10 50 181 940 400
72 6 11 204.273768 10 50 163 940 400
72 8 10 202.036517 10 50 186 940 400
72 8 8 210.456533 10 50 226 940 400
72 3 0 161.528982 10 50 209 940 400
72 4 6 191.818111 10 50 204 940 400
72 17 0 204.606859 10 50 161 940 400
72 19 1 192.524719 10 50 228 940 400
72 4 7 204.138905 10 50 192 940 400
72 6 7 182.563883 10 50 150 940 400
72 16 0 174.455348 10 50 51 940 400
72 17 1 218.746795 10 50 198 940 400
72 5 5 206.135756 10 50 186 940 400
72 7 7 205.055359 10 50 40 940 400
72 15 0 209.883506 10 50 48 940 400
72 16 1 195.489218 10 50 151 940 400
72 8 7 197.538891 10 50 72 940 400
72 8 6 181.668091 10 50 49 940 400
72 7 5 210.927425 10 50 202 940 400
72 7 6 208.546519 10 50 26 940 400
72 14 3 204.263037 10 50 148 940 400
72 14 4 209.516810 10 50 226 940 400
72 14 7 208.073035 10 50 84 940 400
72 14 6 222.426099 10 50 41 940 400
72 3 14 193.191522 10 50 142 940 400
72 4 15 218.006918 10 50 54 940 400
72 17 8 208.808298 10 50 157 940 400
72 19 9 183.056021 10 50 45 940 400
72 4 14 174.244451 10 50 210 940 400
72 6 8 214.696354 10 50 30 940 400
72 16 9 194.285819 10 50 147 940 400
72 18 14 190.970713 10 50 233 940 400
72 5 15 203.836760 10 50 176 940 400
72 7 10 223.630254 10 50 43 940 400
72 15 8 199.457417 10 50 153 940 400
72 16 8 217.451370 10 50 313 940 400
72 8 11 209.074684 10 50 28 940 400
72 8 12 204.644131 10 50 164 940 400
72 7 8 213.962768 10 50 146 940 400
72 7 9 209.903602 10 50 259 940 400
72 14 9 200.404378 10 50 31 940 400
72 14 8 186.948072 10 50 206 940 400
72 14 12 207.207514 10 50 199 940 400
72 14 11 204.528851 10 50 270 940 400
72 17 4 203.962409 10 50 123 940 400
72 17 2 190.893689 10 50 208 940 400
72 17 3 178.009882 10 50 141 940 400
72 16 3 175.670689 10 50 225 940 400
72 15 1 189.648087 10 50 205 940 400
72 16 2 208.052021 10 50 278 940 400
72 18 6 204.661033 10 50 249 940 400
72 13 5 204.621974 10 50 254 940 400
72 13 7 223.594028 10 50 198 940 400
72 17 10 212.247517 10 50 142 940 400
72 17 11 236.318096 10 50 162 940 400
72 17 9 180.877053 10 50 141 940 400
72 16 10 149.805757 10 50 209 940 400
72 15 9 198.306702 10 50 35 940 400
72 16 11 204.941510 10 50 262 940 400
72 18 15 197.180724 10 50 182 940 400
72 13 8 236.710605 10 50 178 940 400
72 13 10 177.842564 10 50 76 940 400
72 19 3 217.982885 10 50 247 940 400
72 18 2 190.541372 10 50 168 940 400
72 19 4 236.780266 10 50 10 940 400
72 17 5 178.301950 10 50 205 940 400
72 18 5 183.921255 10 50 205 940 400
72 17 6 188.812137 10 50 56 940 400
72 18 4 189.622287 10 50 52 940 400
72 16 4 195.374053 10 50 32 940 400
72 14 2 199.369292 10 50 59 940 400
72 14 5 194.571367 10 50 42 940 400
72 18 7 204.230049 10 50 31 940 400
72 15 2 179.630109 10 50 174 940 400
72 13 6 227.023739 10 50 190 940 400
72 10 3 222.401697 10 50 220 940 400
72 10 2 205.807061 10 50 32 940 400
72 10 4 201.820366 10 50 87 940 400
72 10 5 214.814961 10 50 36 940 400
72 10 7 168.800525 10 50 152 940 400
72 10 6 208.335977 10 50 156 940 400
72 14 1 214.109930 10 50 267 940 400
72 19 11 188.524994 10 50 221 940 400
72 18 11 240.490334 10 50 100 940 400
72 19 12 200.617382 10 50 51 940 400
72 17 13 196.027548 10 50 180 940 400
72 18 12 195.093000 10 50 177 940 400
72 17 12 174.652264 10 50 156 940 400
72 18 10 185.408570 10 50 33 940 400
72 16 13 203.045035 10 50 178 940 400
72 14 10 173.886264 10 50 183 940 400
72 14 13 234.934241 10 50 160 940 400
72 18 13 175.746669 10 50 182 940 400
72 15 10 174.899306 10 50 31 940 400
72 13 9 202.593269 10 50 183 940 400
72 10 11 206.511544 10 50 228 940 400
72 10 10 204.150264 10 50 34 940 400
72 10 13 199.204018 10 50 210 940 400
72 10 12 196.288551 10 50 137 940 400
72 10 15 227.506423 10 50 158 940 400
72 10 14 185.770522 10 50 150 940 400
72 14 14 229.637818 10 50 220 940 400
72 15 6 222.369537 10 50 132 940 400
72 4 0 196.120958 10 50 182 940 400
72 15 7 205.859989 10 50 214 940 400
72 17 7 169.908273 10 50 182 940 400
72 16 6 193.034590 10 50 66 940 400
72 16 5 197.610959 10 50 42 940 400
72 16 7 191.122460 10 50 191 940 400
72 15 5 203.403163 10 50 80 940 400
72 14 0 186.151720 10 50 205 940 400
72 15 14 228.855595 10 50 41 940 400
72 4 9 165.943491 10 50 149 940 400
72 15 15 212.688071 10 50 59 940 400
72 17 14 195.156920 10 50 160 940 400
72 16 15 148.851653 10 50 205 940 400
72 16 12 160.283753 10 50 171 940 400
72 16 14 171.323548 10 50 158 940 400
72 15 13 201.661638 10 50 172 940 400
72 14 15 192.166250 10 50 79 940 400
72 3 6 205.307178 10 50 43 940 400
72 13 3 184.028745 10 50 175 940 400
72 9 7 210.802852 10 50 29 940 400
72 18 1 196.076956 10 50 200 940 400
72 18 0 210.320126 10 50 153 940 400
72 13 4 223.187862 10 50 176 940 400
72 9 2 165.370752 10 50 164 940 400
72 4 1 270.070435 10 50 89 940 400
72 3 7 198.614888 10 50 209 940 400
72 13 2 168.358848 10 50 204 940 400
72 7 0 187.025194 10 50 27 940 400
72 19 6 206.788846 10 50 183 940 400
72 13 0 223.250000 10 50 186 940 400
72 13 1 174.339576 10 50 61 940 400
72 15 4 220.598228 10 50 88 940 400
72 15 3 203.944167 10 50 83 940 400
72 7 1 229.742094 10 50 99 940 400
72 7 2 208.698079 10 50 53 940 400
72 9 4 174.209206 10 50 53 940 400
72 9 3 192.441819 10 50 31 940 400
72 3 8 177.539976 10 50 28 940 400
72 13 15 191.800486 10 50 78 940 400
72 9 15 206.856222 10 50 226 940 400
72 18 8 222.211369 10 50 162 940 400
72 17 15 198.703766 10 50 252 940 400
72 13 12 182.904589 10 50 34 940 400
72 9 10 157.021502 10 50 182 940 400
72 4 8 187.587135 10 50 220 940 400
72 3 9 191.986281 10 50 335 940 400
72 13 11 180.878173 10 50 154 940 400
72 7 15 213.795777 10 50 33 940 400
72 19 14 156.509580 10 50 203 940 400
72 13 14 209.073902 10 50 270 940 400
72 13 13 208.682357 10 50 171 940 400
72 15 11 200.725671 10 50 166 940 400
72 15 12 195.715381 10 50 187 940 400
72 7 13 204.256196 10 50 120 940 400
72 7 14 216.112853 10 50 145 940 400
72 9 13 189.147545 10 50 76 940 400
72 9 14 175.701303 10 50 155 940 400
72 6 2 185.356812 10 50 120 940 400
72 5 2 222.708021 10 50 188 940 400
72 6 1 200.174314 10 50 119 940 400
72 5 0 206.360314 10 50 209 940 400
72 6 0 186.229577 10 50 167 940 400
72 18 3 184.603271 10 50 188 940 400
72 5 1 185.945184 10 50 73 940 400
72 7 3 198.618706 10 50 99 940 400
72 8 1 191.004956 10 50 195 940 400
72 6 15 192.634412 10 50 139 940 400
72 5 11 214.889493 10 50 185 940 400
72 6 14 188.872327 10 50 49 940 400
72 5 9 220.705689 10 50 57 940 400
72 6 13 219.230819 10 50 181 940 400
72 18 9 208.786022 10 50 167 940 400
72 5 8 193.921067 10 50 33 940 400
72 7 12 201.105364 10 50 40 940 400
72 8 13 196.408098 10 50 198 940 400
72 5 3 191.812978 10 50 209 940 400
72 3 4 208.084660 10 50 210 940 400
72 3 5 236.311707 10 50 208 940 400
72 3 3 166.941435 10 50 169 940 400
72 6 3 177.579825 10 50 192 940 400
72 4 3 169.252307 10 50 209 940 400
72 4 2 363.893778 10 50 82 940 400
72 3 2 187.453959 10 50 181 940 400
72 6 5 198.473224 10 50 212 940 400
72 4 4 197.101113 10 50 47 940 400
72 8 5 196.810350 10 50 81 940 400
72 7 4 202.909864 10 50 189 940 400
72 8 0 194.769978 10 50 178 940 400
72 9 5 176.591200 10 50 28 940 400
72 9 6 185.986065 10 50 214 940 400
72 9 0 228.542508 10 50 132 940 400
72 9 1 172.206765 10 50 186 940 400
72 10 1 215.146915 10 50 283 940 400
72 10 0 190.155736 10 50 32 940 400
72 8 3 168.844819 10 50 173 940 400
72 5 10 222.022962 10 50 65 940 400
72 3 10 169.838101 10 50 43 940 400
72 3 11 167.937565 10 50 249 940 400
72 3 13 173.501975 10 50 28 940 400
72 6 10 210.691923 10 50 35 940 400
72 4 10 218.422043 10 50 164 940 400
72 4 11 195.869706 10 50 156 940 400
72 3 12 187.689140 10 50 248 940 400
72 6 12 163.786686 10 50 331 940 400
72 4 13 195.719869 10 50 32 940 400
72 8 15 185.965860 10 50 156 940 400
72 7 11 219.160226 10 50 39 940 400
72 8 14 224.197500 10 50 85 940 400
72 9 12 170.000303 10 50 167 940 400
72 9 11 196.130217 10 50 43 940 400
72 9 9 188.899856 10 50 184 940 400
72 9 8 206.961197 10 50 210 940 400
72 10 8 206.534543 10 50 211 940 400
72 10 9 228.486652 10 50 38 940 400
72 8 9 209.955973 10 50 254 940 400
