1 1 1 81.774 1.200
1 1 2 35.099 1.200
1 1 3 73.162 1.200
1 1 4 80.353 1.200
1 1 5 40.729 1.200
1 1 6 78.717 1.200
1 1 7 42.432 1.200
1 1 8 34.596 1.200
1 1 9 54.376 1.200
1 2 1 67.487 2.650
1 2 2 29.178 2.650
1 2 3 45.188 2.650
1 2 4 27.656 2.650
1 2 5 30.832 2.650
1 2 6 29.167 2.650
1 2 7 28.723 2.650
1 2 8 26.914 2.650
1 2 9 5.438 2.650
2 1 1 79.637 1.200
2 1 2 80.986 1.200
2 1 3 78.240 1.200
2 1 4 79.117 1.200
2 1 5 38.798 1.200
2 1 6 41.154 1.200
2 1 7 76.560 1.200
2 1 8 74.708 1.200
2 1 9 31.515 1.200
2 1 10 33.176 1.200
2 1 11 31.936 1.200
2 1 12 32.442 1.200
2 1 13 31.460 1.200
2 1 14 60.619 1.200
2 1 15 42.521 1.200
2 1 16 27.729 1.200
2 1 17 37.026 1.200
2 1 18 45.838 1.200
2 1 19 27.006 1.200
2 1 20 28.507 1.200
2 2 1 29.543 2.650
2 2 2 27.766 2.650
2 2 3 26.982 2.650
2 2 4 25.816 2.650
2 2 5 31.256 2.650
2 2 6 30.090 2.650
2 2 7 30.971 2.650
2 2 8 30.264 2.650
2 2 9 26.248 2.650
2 2 10 27.149 2.650
2 2 11 26.921 2.650
2 2 12 27.452 2.650
2 2 13 17.324 2.650
2 2 14 20.805 2.650
2 2 15 38.125 2.650
2 2 16 0.332 2.650
2 2 17 0.847 2.650
2 2 18 29.810 2.650
2 2 19 4.101 2.650
2 2 20 24.020 2.650
3 1 1 82.828 1.200
3 1 2 81.703 1.200
3 1 3 79.093 1.200
3 1 4 79.434 1.200
3 1 5 79.692 1.200
3 1 6 83.884 1.200
3 1 7 74.254 1.200
3 1 8 33.234 1.200
3 1 9 31.115 1.200
3 2 1 33.791 2.650
3 2 2 33.142 2.650
3 2 3 38.816 2.650
3 2 4 29.148 2.650
3 2 5 28.753 2.650
3 2 6 32.102 2.650
3 2 7 64.559 2.650
3 2 8 26.313 2.650
3 2 9 37.389 2.650
4 1 1 81.435 1.200
4 1 2 37.735 1.200
4 1 3 80.591 1.200
4 1 4 80.358 1.200
4 1 5 38.449 1.200
4 1 6 75.288 1.200
4 1 7 75.370 1.200
4 1 8 75.866 1.200
4 1 9 32.001 1.200
4 1 10 30.171 1.200
4 1 11 32.636 1.200
4 1 12 33.377 1.200
4 1 13 50.554 1.200
4 1 14 60.847 1.200
4 1 15 22.415 1.200
4 1 16 60.714 1.200
4 1 17 5.877 1.200
4 1 18 35.002 1.200
4 1 19 57.636 1.200
4 1 20 35.002 1.200
4 2 1 26.257 2.650
4 2 2 28.017 2.650
4 2 3 28.409 2.650
4 2 4 28.509 2.650
4 2 5 31.097 2.650
4 2 6 27.580 2.650
4 2 7 32.572 2.650
4 2 8 29.769 2.650
4 2 9 30.734 2.650
4 2 10 23.906 2.650
4 2 11 25.625 2.650
4 2 12 29.298 2.650
4 2 13 26.402 2.650
4 2 14 38.567 2.650
4 2 15 0.206 2.650
4 2 16 18.918 2.650
4 2 17 27.238 2.650
4 2 18 8.653 2.650
4 2 19 20.219 2.650
4 2 20 59.159 2.650
5 1 1 83.285 1.200
5 1 2 80.500 1.200
5 1 3 84.988 1.200
5 1 4 81.448 1.200
5 1 5 42.576 1.200
5 1 6 44.918 1.200
5 1 7 76.254 1.200
5 1 8 36.596 1.200
5 1 9 24.560 1.200
5 2 1 41.744 2.650
5 2 2 28.686 2.650
5 2 3 156.101 2.650
5 2 4 29.700 2.650
5 2 5 30.076 2.650
5 2 6 29.072 2.650
5 2 7 30.264 2.650
5 2 8 58.702 2.650
5 2 9 7.931 2.650
6 1 1 82.212 1.200
6 1 2 77.770 1.200
6 1 3 47.485 1.200
6 1 4 78.992 1.200
6 1 5 75.414 1.200
6 1 6 71.269 1.200
6 1 7 73.376 1.200
6 1 8 76.710 1.200
6 1 9 31.960 1.200
6 1 10 32.314 1.200
6 1 11 32.269 1.200
6 1 12 71.105 1.200
6 1 13 32.951 1.200
6 1 14 58.398 1.200
6 1 15 21.124 1.200
6 1 16 46.844 1.200
6 1 17 17.189 1.200
6 1 18 23.857 1.200
6 1 19 26.674 1.200
6 1 20 29.541 1.200
6 2 1 25.135 2.650
6 2 2 30.936 2.650
6 2 3 29.540 2.650
6 2 4 25.479 2.650
6 2 5 28.465 2.650
6 2 6 30.572 2.650
6 2 7 33.055 2.650
6 2 8 66.590 2.650
6 2 9 26.373 2.650
6 2 10 51.253 2.650
6 2 11 25.495 2.650
6 2 12 33.103 2.650
6 2 13 55.219 2.650
6 2 14 20.286 2.650
6 2 15 19.654 2.650
6 2 16 23.290 2.650
6 2 17 52.643 2.650
6 2 18 0.669 2.650
6 2 19 22.342 2.650
6 2 20 39.419 2.650
7 1 1 91.659 1.200
7 1 2 40.977 1.200
7 1 3 83.687 1.200
7 1 4 80.064 1.200
7 1 5 38.915 1.200
7 1 6 83.118 1.200
7 1 7 79.684 1.200
7 1 8 34.675 1.200
7 1 9 57.154 1.200
7 2 1 65.902 2.650
7 2 2 29.858 2.650
7 2 3 29.311 2.650
7 2 4 30.135 2.650
7 2 5 61.608 2.650
7 2 6 25.486 2.650
7 2 7 30.426 2.650
7 2 8 27.535 2.650
7 2 9 19.678 2.650
8 1 1 40.930 1.200
8 1 2 39.348 1.200
8 1 3 37.859 1.200
8 1 4 38.698 1.200
8 1 5 37.099 1.200
8 1 6 39.205 1.200
8 1 7 74.521 1.200
8 1 8 38.703 1.200
8 1 9 33.825 1.200
8 1 10 31.483 1.200
8 1 11 31.798 1.200
8 1 12 33.781 1.200
8 1 13 31.374 1.200
8 1 14 25.711 1.200
8 1 15 48.139 1.200
8 1 16 61.847 1.200
8 1 17 22.971 1.200
8 1 18 23.073 1.200
8 1 19 23.992 1.200
8 1 20 35.596 1.200
8 2 1 27.301 2.650
8 2 2 29.841 2.650
8 2 3 30.772 2.650
8 2 4 26.969 2.650
8 2 5 31.316 2.650
8 2 6 30.812 2.650
8 2 7 29.368 2.650
8 2 8 63.965 2.650
8 2 9 26.043 2.650
8 2 10 54.989 2.650
8 2 11 24.903 2.650
8 2 12 25.268 2.650
8 2 13 25.246 2.650
8 2 14 40.019 2.650
8 2 15 46.627 2.650
8 2 16 32.685 2.650
8 2 17 0.113 2.650
8 2 18 37.373 2.650
8 2 19 35.880 2.650
8 2 20 25.231 2.650
