#
# File generated automatically by FTHodo Calib at  03-28-2018_12.36.40_PM
#
FADC250_CRATE adcft3
FADC250_SLOT 3
FADC250_ALLCH_PED 161.529 145.293 187.454 166.941 208.085 236.312 205.307 198.615 177.540 191.986 169.838 167.938 187.689 173.502 193.192 182.550
FADC250_SLOT 4
FADC250_ALLCH_PED 196.121 270.070 363.894 169.252 197.101 213.479 191.818 204.139 187.587 165.943 218.422 195.870 166.487 195.720 174.244 218.007
FADC250_SLOT 5
FADC250_ALLCH_PED 206.360 185.945 222.708 191.813 100.625 206.136 221.293 88.250 193.921 220.706 222.023 214.889 204.119 202.162 235.939 203.837
FADC250_SLOT 6
FADC250_ALLCH_PED 186.230 200.174 185.357 177.580 135.624 198.473 193.648 182.564 214.696 208.645 210.692 204.274 163.787 219.231 188.872 192.634
FADC250_SLOT 7
FADC250_ALLCH_PED 187.025 229.742 208.698 198.619 202.910 210.927 208.547 205.055 213.963 209.904 223.630 219.160 201.105 204.256 216.113 213.796
FADC250_SLOT 8
FADC250_ALLCH_PED 194.770 191.005 168.076 168.845 148.525 196.810 181.668 197.539 210.457 209.956 202.037 209.075 204.644 196.408 224.197 185.966
FADC250_SLOT 9
FADC250_ALLCH_PED 228.543 172.207 165.371 192.442 174.209 176.591 185.986 210.803 206.961 188.900 157.022 196.130 170.000 189.148 175.701 206.856
FADC250_SLOT 10
FADC250_ALLCH_PED 190.156 215.147 205.807 222.402 201.820 214.815 208.336 168.801 206.535 228.487 204.150 206.512 196.289 199.204 185.771 227.506
FADC250_SLOT 13
FADC250_ALLCH_PED 223.250 174.340 168.359 184.029 223.188 204.622 227.024 223.594 236.711 202.593 177.843 180.878 182.905 208.682 209.074 191.800
FADC250_SLOT 14
FADC250_ALLCH_PED 186.152 214.110 199.369 204.263 209.517 194.571 222.426 208.073 186.948 200.404 173.886 204.529 207.208 234.934 229.638 192.166
FADC250_SLOT 15
FADC250_ALLCH_PED 209.884 189.648 179.630 203.944 220.598 203.403 222.370 205.860 199.457 198.307 174.899 200.726 195.715 201.662 228.856 212.688
FADC250_SLOT 16
FADC250_ALLCH_PED 174.455 195.489 208.052 175.671 195.374 197.611 193.035 191.122 217.451 194.286 149.806 204.942 160.284 203.045 171.324 148.852
FADC250_SLOT 17
FADC250_ALLCH_PED 204.607 218.747 190.894 178.010 203.962 178.302 188.812 169.908 208.808 180.877 212.248 236.318 174.652 196.028 195.157 198.704
FADC250_SLOT 18
FADC250_ALLCH_PED 210.320 196.077 190.541 184.603 189.622 183.921 204.661 204.230 222.211 208.786 185.409 240.490 195.093 175.747 190.971 197.181
FADC250_SLOT 19
FADC250_ALLCH_PED 500.000 192.525 500.000 217.983 236.780 500.000 206.789 500.000 500.000 183.056 500.000 188.525 200.617 500.000 156.510 500.000
FADC250_CRATE end
