#
# File generated automatically by FTHodo Calib at  02-28-2018_05.38.59_PM
#
FADC250_CRATE adcft3
FADC250_SLOT 3
FADC250_ALLCH_PED 161.587 145.125 186.878 166.798 208.709 237.633 205.838 198.285 177.430 191.761 169.994 167.952 187.506 173.525 192.919 182.651
FADC250_SLOT 4
FADC250_ALLCH_PED 196.349 270.693 366.429 170.000 197.136 213.483 191.833 203.506 187.450 166.488 217.934 195.907 166.128 195.819 174.434 218.391
FADC250_SLOT 5
FADC250_ALLCH_PED 206.227 184.923 221.878 191.946 99.500 205.997 221.404 89.375 193.224 221.349 222.248 214.539 204.070 202.663 235.960 203.905
FADC250_SLOT 6
FADC250_ALLCH_PED 186.188 200.554 185.443 177.614 134.755 198.689 194.000 182.543 215.342 209.488 210.636 204.133 164.217 218.957 188.862 192.486
FADC250_SLOT 7
FADC250_ALLCH_PED 186.713 229.491 208.352 198.619 202.997 210.639 208.332 205.015 213.844 209.977 223.860 219.157 200.590 204.800 216.215 214.354
FADC250_SLOT 8
FADC250_ALLCH_PED 194.901 190.676 167.290 168.793 148.664 196.423 181.913 197.410 210.630 209.659 202.037 209.092 204.509 196.041 224.979 186.179
FADC250_SLOT 9
FADC250_ALLCH_PED 228.328 172.440 165.221 192.711 174.286 176.070 185.717 210.705 206.675 189.409 156.345 196.064 169.635 189.230 175.860 207.682
FADC250_SLOT 10
FADC250_ALLCH_PED 190.453 215.279 205.898 222.658 201.231 214.287 208.103 168.598 205.712 227.230 203.499 206.197 196.902 199.822 185.964 227.782
FADC250_SLOT 13
FADC250_ALLCH_PED 223.783 173.483 168.002 182.009 222.969 204.453 226.584 223.250 236.672 202.680 177.654 180.602 183.008 208.199 208.935 192.658
FADC250_SLOT 14
FADC250_ALLCH_PED 186.040 213.691 198.641 204.204 209.689 194.602 222.688 208.106 187.376 200.352 174.271 204.130 206.782 235.130 229.494 191.578
FADC250_SLOT 15
FADC250_ALLCH_PED 209.599 190.057 179.605 203.111 220.419 203.652 222.319 206.514 199.937 198.408 174.803 200.670 195.386 201.509 228.758 212.941
FADC250_SLOT 16
FADC250_ALLCH_PED 174.618 195.050 209.693 175.681 195.868 198.997 192.943 191.290 217.625 194.276 149.669 205.250 161.445 202.483 170.839 148.805
FADC250_SLOT 17
FADC250_ALLCH_PED 204.696 219.131 189.277 178.135 203.720 177.917 189.404 171.500 208.826 181.329 212.502 236.419 174.793 197.336 195.122 198.532
FADC250_SLOT 18
FADC250_ALLCH_PED 210.203 195.749 190.607 184.688 189.239 183.798 203.991 204.278 222.069 207.630 185.184 240.749 194.809 176.138 191.001 197.411
FADC250_SLOT 19
FADC250_ALLCH_PED 500.000 193.138 500.000 217.385 234.414 500.000 207.469 500.000 500.000 182.920 500.000 188.854 200.789 500.000 156.331 500.000
FADC250_CRATE end
