1 1 1 418.965 1.200
1 1 2 369.932 1.200
1 1 3 445.626 1.200
1 1 4 393.861 1.200
1 1 5 359.227 1.200
1 1 6 392.703 1.200
1 1 7 377.002 1.200
1 1 8 341.693 1.200
1 1 9 420.749 1.200
1 2 1 400.637 2.650
1 2 2 364.483 2.650
1 2 3 403.868 2.650
1 2 4 408.651 2.650
1 2 5 337.354 2.650
1 2 6 409.751 2.650
1 2 7 321.701 2.650
1 2 8 304.617 2.650
1 2 9 412.045 2.650
2 1 1 407.782 1.200
2 1 2 388.169 1.200
2 1 3 379.004 1.200
2 1 4 392.872 1.200
2 1 5 374.806 1.200
2 1 6 380.473 1.200
2 1 7 379.898 1.200
2 1 8 357.293 1.200
2 1 9 369.476 1.200
2 1 10 338.965 1.200
2 1 11 332.725 1.200
2 1 12 378.586 1.200
2 1 13 435.306 1.200
2 1 14 408.779 1.200
2 1 15 432.407 1.200
2 1 16 685.739 1.200
2 1 17 191.473 1.200
2 1 18 443.185 1.200
2 1 19 439.776 1.200
2 1 20 438.629 1.200
2 2 1 376.890 2.650
2 2 2 379.031 2.650
2 2 3 397.964 2.650
2 2 4 388.918 2.650
2 2 5 358.322 2.650
2 2 6 357.052 2.650
2 2 7 306.907 2.650
2 2 8 335.116 2.650
2 2 9 304.916 2.650
2 2 10 297.994 2.650
2 2 11 296.688 2.650
2 2 12 291.497 2.650
2 2 13 386.679 2.650
2 2 14 446.813 2.650
2 2 15 43.229 2.650
2 2 16 1.246 2.650
2 2 17 174.877 2.650
2 2 18 538.038 2.650
2 2 19 385.132 2.650
2 2 20 387.653 2.650
3 1 1 457.123 1.200
3 1 2 392.811 1.200
3 1 3 450.434 1.200
3 1 4 381.423 1.200
3 1 5 378.439 1.200
3 1 6 392.832 1.200
3 1 7 360.761 1.200
3 1 8 350.012 1.200
3 1 9 399.211 1.200
3 2 1 430.733 2.650
3 2 2 359.052 2.650
3 2 3 490.500 2.650
3 2 4 337.425 2.650
3 2 5 330.024 2.650
3 2 6 333.612 2.650
3 2 7 338.831 2.650
3 2 8 288.583 2.650
3 2 9 73.446 2.650
4 1 1 387.325 1.200
4 1 2 389.956 1.200
4 1 3 397.508 1.200
4 1 4 407.861 1.200
4 1 5 356.150 1.200
4 1 6 371.011 1.200
4 1 7 372.905 1.200
4 1 8 355.269 1.200
4 1 9 357.726 1.200
4 1 10 319.019 1.200
4 1 11 361.407 1.200
4 1 12 337.765 1.200
4 1 13 259.220 1.200
4 1 14 416.783 1.200
4 1 15 426.032 1.200
4 1 16 246.240 1.200
4 1 17 265.577 1.200
4 1 18 449.576 1.200
4 1 19 446.815 1.200
4 1 20 396.716 1.200
4 2 1 392.845 2.650
4 2 2 443.440 2.650
4 2 3 411.118 2.650
4 2 4 367.547 2.650
4 2 5 343.569 2.650
4 2 6 359.991 2.650
4 2 7 362.559 2.650
4 2 8 326.635 2.650
4 2 9 307.794 2.650
4 2 10 279.663 2.650
4 2 11 334.128 2.650
4 2 12 307.891 2.650
4 2 13 96.759 2.650
4 2 14 405.994 2.650
4 2 15 427.973 2.650
4 2 16 26.333 2.650
4 2 17 90.294 2.650
4 2 18 391.147 2.650
4 2 19 393.160 2.650
4 2 20 405.573 2.650
5 1 1 442.833 1.200
5 1 2 403.962 1.200
5 1 3 456.110 1.200
5 1 4 383.178 1.200
5 1 5 355.752 1.200
5 1 6 380.194 1.200
5 1 7 349.216 1.200
5 1 8 335.773 1.200
5 1 9 442.441 1.200
5 2 1 437.603 2.650
5 2 2 414.926 2.650
5 2 3 458.313 2.650
5 2 4 354.557 2.650
5 2 5 339.386 2.650
5 2 6 368.848 2.650
5 2 7 327.701 2.650
5 2 8 331.523 2.650
5 2 9 390.670 2.650
6 1 1 390.801 1.200
6 1 2 369.689 1.200
6 1 3 385.033 1.200
6 1 4 390.997 1.200
6 1 5 359.247 1.200
6 1 6 355.008 1.200
6 1 7 355.520 1.200
6 1 8 379.826 1.200
6 1 9 347.055 1.200
6 1 10 327.391 1.200
6 1 11 331.978 1.200
6 1 12 351.958 1.200
6 1 13 404.483 1.200
6 1 14 443.062 1.200
6 1 15 424.083 1.200
6 1 16 508.198 1.200
6 1 17 419.308 1.200
6 1 18 474.855 1.200
6 1 19 415.319 1.200
6 1 20 424.148 1.200
6 2 1 400.293 2.650
6 2 2 351.744 2.650
6 2 3 338.732 2.650
6 2 4 387.137 2.650
6 2 5 341.654 2.650
6 2 6 363.090 2.650
6 2 7 353.157 2.650
6 2 8 370.848 2.650
6 2 9 325.552 2.650
6 2 10 283.876 2.650
6 2 11 293.809 2.650
6 2 12 320.305 2.650
6 2 13 379.683 2.650
6 2 14 447.151 2.650
6 2 15 375.193 2.650
6 2 16 0.001 2.650
6 2 17 58.858 2.650
6 2 18 441.899 2.650
6 2 19 406.593 2.650
6 2 20 431.622 2.650
7 1 1 443.416 1.200
7 1 2 387.056 1.200
7 1 3 436.453 1.200
7 1 4 377.101 1.200
7 1 5 376.235 1.200
7 1 6 398.342 1.200
7 1 7 386.012 1.200
7 1 8 355.261 1.200
7 1 9 428.565 1.200
7 2 1 420.388 2.650
7 2 2 338.275 2.650
7 2 3 427.891 2.650
7 2 4 348.779 2.650
7 2 5 326.016 2.650
7 2 6 412.058 2.650
7 2 7 326.981 2.650
7 2 8 308.083 2.650
7 2 9 445.464 2.650
8 1 1 402.687 1.200
8 1 2 378.294 1.200
8 1 3 373.378 1.200
8 1 4 378.491 1.200
8 1 5 367.721 1.200
8 1 6 361.887 1.200
8 1 7 369.691 1.200
8 1 8 382.197 1.200
8 1 9 352.526 1.200
8 1 10 351.326 1.200
8 1 11 333.567 1.200
8 1 12 356.271 1.200
8 1 13 436.047 1.200
8 1 14 430.774 1.200
8 1 15 495.516 1.200
8 1 16 291.992 1.200
8 1 17 397.513 1.200
8 1 18 438.199 1.200
8 1 19 448.502 1.200
8 1 20 421.457 1.200
8 2 1 362.086 2.650
8 2 2 399.431 2.650
8 2 3 399.325 2.650
8 2 4 408.562 2.650
8 2 5 325.460 2.650
8 2 6 358.418 2.650
8 2 7 353.697 2.650
8 2 8 364.779 2.650
8 2 9 335.764 2.650
8 2 10 322.855 2.650
8 2 11 314.292 2.650
8 2 12 322.359 2.650
8 2 13 431.783 2.650
8 2 14 417.625 2.650
8 2 15 416.359 2.650
8 2 16 0.239 2.650
8 2 17 1.538 2.650
8 2 18 445.743 2.650
8 2 19 415.898 2.650
8 2 20 421.803 2.650
