1 1 1 6.416 1.200
1 1 2 4.660 1.200
1 1 3 8.487 1.200
1 1 4 177.022 1.200
1 1 5 59.380 1.200
1 1 6 6.836 1.200
1 1 7 35.541 1.200
1 1 8 22.171 1.200
1 1 9 108.668 1.200
1 2 1 139.657 2.650
1 2 2 152.094 2.650
1 2 3 25.964 2.650
1 2 4 134.197 2.650
1 2 5 90.328 2.650
1 2 6 0.808 2.650
1 2 7 107.119 2.650
1 2 8 138.924 2.650
1 2 9 83.694 2.650
2 1 1 4.203 1.200
2 1 2 46.196 1.200
2 1 3 185.743 1.200
2 1 4 215.641 1.200
2 1 5 11.683 1.200
2 1 6 15.668 1.200
2 1 7 99.510 1.200
2 1 8 180.704 1.200
2 1 9 15.366 1.200
2 1 10 41.691 1.200
2 1 11 69.549 1.200
2 1 12 12.654 1.200
2 1 13 0.032 1.200
2 1 14 133.654 1.200
2 1 15 125.306 1.200
2 1 16 17.905 1.200
2 1 17 86.867 1.200
2 1 18 117.304 1.200
2 1 19 35.070 1.200
2 1 20 163.108 1.200
2 2 1 152.005 2.650
2 2 2 147.258 2.650
2 2 3 0.297 2.650
2 2 4 0.409 2.650
2 2 5 89.158 2.650
2 2 6 142.714 2.650
2 2 7 99.262 2.650
2 2 8 89.714 2.650
2 2 9 126.511 2.650
2 2 10 18.431 2.650
2 2 11 147.640 2.650
2 2 12 101.812 2.650
2 2 13 82.165 2.650
2 2 14 88.536 2.650
2 2 15 85.697 2.650
2 2 16 87.462 2.650
2 2 17 86.807 2.650
2 2 18 17.201 2.650
2 2 19 88.807 2.650
2 2 20 78.897 2.650
3 1 1 9.968 1.200
3 1 2 1.041 1.200
3 1 3 26.713 1.200
3 1 4 18.165 1.200
3 1 5 33.051 1.200
3 1 6 190.904 1.200
3 1 7 419.365 1.200
3 1 8 19.461 1.200
3 1 9 144.027 1.200
3 2 1 27.790 2.650
3 2 2 145.287 2.650
3 2 3 27.626 2.650
3 2 4 147.047 2.650
3 2 5 50.619 2.650
3 2 6 4.077 2.650
3 2 7 88.006 2.650
3 2 8 130.518 2.650
3 2 9 91.208 2.650
4 1 1 8.013 1.200
4 1 2 0.778 1.200
4 1 3 201.133 1.200
4 1 4 3.860 1.200
4 1 5 14.658 1.200
4 1 6 12.116 1.200
4 1 7 13.145 1.200
4 1 8 342.414 1.200
4 1 9 19.679 1.200
4 1 10 51.377 1.200
4 1 11 11.378 1.200
4 1 12 15.376 1.200
4 1 13 104.081 1.200
4 1 14 1.478 1.200
4 1 15 103.221 1.200
4 1 16 69.124 1.200
4 1 17 88.247 1.200
4 1 18 80.011 1.200
4 1 19 23.664 1.200
4 1 20 143.879 1.200
4 2 1 1.730 2.650
4 2 2 0.149 2.650
4 2 3 0.607 2.650
4 2 4 155.230 2.650
4 2 5 29.245 2.650
4 2 6 140.801 2.650
4 2 7 21.350 2.650
4 2 8 89.220 2.650
4 2 9 149.592 2.650
4 2 10 121.029 2.650
4 2 11 85.351 2.650
4 2 12 148.070 2.650
4 2 13 85.105 2.650
4 2 14 81.160 2.650
4 2 15 94.606 2.650
4 2 16 88.650 2.650
4 2 17 69.444 2.650
4 2 18 87.489 2.650
4 2 19 86.739 2.650
4 2 20 87.836 2.650
5 1 1 20.837 1.200
5 1 2 0.001 1.200
5 1 3 25.438 1.200
5 1 4 4.081 1.200
5 1 5 190.087 1.200
5 1 6 203.189 1.200
5 1 7 331.408 1.200
5 1 8 170.927 1.200
5 1 9 120.227 1.200
5 2 1 27.309 2.650
5 2 2 0.047 2.650
5 2 3 9.172 2.650
5 2 4 10.235 2.650
5 2 5 29.431 2.650
5 2 6 0.053 2.650
5 2 7 137.953 2.650
5 2 8 144.389 2.650
5 2 9 90.267 2.650
6 1 1 3.052 1.200
6 1 2 194.381 1.200
6 1 3 196.397 1.200
6 1 4 3.280 1.200
6 1 5 32.920 1.200
6 1 6 16.029 1.200
6 1 7 20.055 1.200
6 1 8 14.165 1.200
6 1 9 17.246 1.200
6 1 10 27.754 1.200
6 1 11 22.608 1.200
6 1 12 19.480 1.200
6 1 13 157.796 1.200
6 1 14 32.185 1.200
6 1 15 78.934 1.200
6 1 16 114.752 1.200
6 1 17 96.673 1.200
6 1 18 124.571 1.200
6 1 19 129.150 1.200
6 1 20 1.505 1.200
6 2 1 1.324 2.650
6 2 2 11.337 2.650
6 2 3 17.320 2.650
6 2 4 136.701 2.650
6 2 5 27.703 2.650
6 2 6 17.005 2.650
6 2 7 20.569 2.650
6 2 8 145.353 2.650
6 2 9 102.866 2.650
6 2 10 116.603 2.650
6 2 11 101.851 2.650
6 2 12 34.549 2.650
6 2 13 114.684 2.650
6 2 14 79.767 2.650
6 2 15 57.291 2.650
6 2 16 101.851 2.650
6 2 17 50.540 2.650
6 2 18 59.324 2.650
6 2 19 88.809 2.650
6 2 20 89.536 2.650
7 1 1 19.104 1.200
7 1 2 1.830 1.200
7 1 3 19.738 1.200
7 1 4 176.023 1.200
7 1 5 58.708 1.200
7 1 6 3.513 1.200
7 1 7 8.457 1.200
7 1 8 14.243 1.200
7 1 9 117.119 1.200
7 2 1 22.957 2.650
7 2 2 137.905 2.650
7 2 3 24.548 2.650
7 2 4 147.718 2.650
7 2 5 89.341 2.650
7 2 6 1.267 2.650
7 2 7 83.304 2.650
7 2 8 311.743 2.650
7 2 9 88.051 2.650
8 1 1 1.086 1.200
8 1 2 179.592 1.200
8 1 3 24.985 1.200
8 1 4 173.147 1.200
8 1 5 183.025 1.200
8 1 6 18.727 1.200
8 1 7 13.720 1.200
8 1 8 27.466 1.200
8 1 9 11.575 1.200
8 1 10 16.027 1.200
8 1 11 349.802 1.200
8 1 12 10.633 1.200
8 1 13 1.852 1.200
8 1 14 114.684 1.200
8 1 15 86.251 1.200
8 1 16 87.564 1.200
8 1 17 87.976 1.200
8 1 18 90.009 1.200
8 1 19 115.418 1.200
8 1 20 144.338 1.200
8 2 1 121.808 2.650
8 2 2 158.018 2.650
8 2 3 144.553 2.650
8 2 4 135.370 2.650
8 2 5 323.756 2.650
8 2 6 42.933 2.650
8 2 7 125.862 2.650
8 2 8 150.149 2.650
8 2 9 134.910 2.650
8 2 10 91.221 2.650
8 2 11 128.296 2.650
8 2 12 129.518 2.650
8 2 13 86.820 2.650
8 2 14 88.171 2.650
8 2 15 60.978 2.650
8 2 16 81.821 2.650
8 2 17 51.036 2.650
8 2 18 90.850 2.650
8 2 19 92.113 2.650
8 2 20 132.154 2.650
