1 1 1 89.375 1.000 18.457 27.445 2.500
1 1 2 99.500 0.383 12.951 28.540 2.500
1 1 3 221.404 0.619 60.920 27.045 2.500
1 1 4 134.755 3.000 22.440 29.348 2.500
1 1 5 145.125 3.000 73.647 29.808 2.500
1 1 6 213.483 2.878 72.727 53.660 2.500
1 1 7 194.000 1.000 73.636 39.869 2.500
1 1 8 167.290 3.000 70.909 6.424 2.500
1 1 9 148.664 2.063 34.746 33.747 2.500
1 2 1 202.663 0.910 76.364 26.995 2.500
1 2 2 204.070 2.136 69.091 10.305 2.500
1 2 3 235.960 1.301 70.000 8.486 2.500
1 2 4 209.488 3.000 68.182 9.997 2.500
1 2 5 182.651 3.000 68.182 34.289 2.500
1 2 6 166.128 3.000 70.000 32.781 2.500
1 2 7 204.133 3.000 61.818 33.098 2.500
1 2 8 202.037 3.000 67.273 64.809 2.500
1 2 9 210.630 1.884 69.091 35.369 2.500
2 1 1 161.587 3.000 76.364 39.430 2.500
2 1 2 191.833 3.000 74.545 40.700 2.500
2 1 3 204.696 3.000 29.373 28.671 2.500
2 1 4 193.138 3.000 65.455 40.342 2.500
2 1 5 203.506 3.000 63.636 37.167 2.500
2 1 6 182.543 3.000 70.000 44.956 2.500
2 1 7 174.618 3.000 72.727 45.777 2.500
2 1 8 219.131 3.000 69.507 32.730 2.500
2 1 9 205.997 3.000 74.545 36.591 2.500
2 1 10 205.015 3.000 80.000 11.013 2.500
2 1 11 209.599 3.000 72.727 11.332 2.500
2 1 12 195.050 3.000 76.364 40.424 2.500
2 1 13 197.410 2.572 72.092 7.519 2.500
2 1 14 181.913 2.627 68.658 6.870 2.500
2 1 15 210.639 2.250 13.163 37.368 2.500
2 1 16 208.332 0.862 30.575 10.454 2.500
2 1 17 204.204 1.770 17.398 28.819 2.500
2 1 18 209.689 2.198 66.411 23.602 2.500
2 1 19 208.106 2.715 83.331 32.097 2.500
2 1 20 222.688 1.866 69.101 7.908 2.500
2 2 1 192.919 2.770 75.455 32.555 2.500
2 2 2 218.391 3.000 68.182 10.760 2.500
2 2 3 208.826 3.000 62.063 33.109 2.500
2 2 4 182.920 2.923 67.273 29.127 2.500
2 2 5 174.434 3.000 66.364 38.264 2.500
2 2 6 215.342 3.000 77.273 7.615 2.500
2 2 7 194.276 2.989 68.182 16.472 2.500
2 2 8 191.001 3.000 68.182 36.400 2.500
2 2 9 203.905 3.000 71.818 35.834 2.500
2 2 10 223.860 3.000 0.133 0.009 2.500
2 2 11 199.937 3.000 78.182 32.516 2.500
2 2 12 217.625 3.000 84.545 10.946 2.500
2 2 13 209.092 2.433 68.759 13.976 2.500
2 2 14 204.509 1.743 70.909 33.072 2.500
2 2 15 213.844 1.761 73.636 33.440 2.500
2 2 16 209.977 1.814 96.552 42.067 2.500
2 2 17 200.352 2.012 70.146 11.595 2.500
2 2 18 187.376 1.080 16.542 45.603 2.500
2 2 19 206.782 2.149 69.091 34.565 2.500
2 2 20 204.130 1.501 62.727 39.975 2.500
3 1 1 203.720 0.633 53.628 23.841 2.500
3 1 2 189.277 2.958 66.364 41.794 2.500
3 1 3 178.135 1.298 72.562 27.579 2.500
3 1 4 175.681 3.000 70.000 25.657 2.500
3 1 5 190.057 3.000 88.182 37.120 2.500
3 1 6 209.693 2.601 75.455 49.526 2.500
3 1 7 203.991 3.000 75.455 40.011 2.500
3 1 8 204.453 3.000 65.455 41.282 2.500
3 1 9 223.250 1.066 65.455 41.182 2.500
3 2 1 212.502 0.575 68.243 27.791 2.500
3 2 2 236.419 2.866 67.273 27.778 2.500
3 2 3 181.329 1.277 59.083 27.813 2.500
3 2 4 149.669 2.426 70.909 34.010 2.500
3 2 5 198.408 3.000 68.182 27.778 2.500
3 2 6 205.250 1.081 73.734 49.764 2.500
3 2 7 197.411 3.000 70.000 47.211 2.500
3 2 8 236.672 3.000 73.636 35.944 2.500
3 2 9 177.654 1.883 70.000 27.616 2.500
4 1 1 217.385 3.000 62.727 28.718 2.500
4 1 2 190.607 3.000 37.133 29.614 2.500
4 1 3 234.414 2.756 66.364 45.946 2.500
4 1 4 177.917 2.802 71.818 29.538 2.500
4 1 5 183.798 3.000 66.364 41.630 2.500
4 1 6 189.404 3.000 70.909 33.248 2.500
4 1 7 189.239 3.000 65.990 14.742 2.500
4 1 8 195.868 3.000 74.545 10.442 2.500
4 1 9 198.641 3.000 70.000 5.428 2.500
4 1 10 194.602 3.000 80.909 8.076 2.500
4 1 11 204.278 3.000 71.818 5.360 2.500
4 1 12 179.605 3.000 70.909 27.735 2.500
4 1 13 226.584 2.961 15.298 53.685 2.500
4 1 14 222.658 1.575 21.525 34.287 2.500
4 1 15 205.898 2.225 25.207 8.312 2.500
4 1 16 201.231 1.913 67.694 7.651 2.500
4 1 17 214.287 1.469 13.993 6.276 2.500
4 1 18 168.598 1.929 56.761 29.704 2.500
4 1 19 208.103 2.917 55.350 9.982 2.500
4 1 20 213.691 1.830 31.135 39.041 2.500
4 2 1 188.854 3.000 17.382 36.618 2.500
4 2 2 240.749 3.000 70.909 31.097 2.500
4 2 3 200.789 3.000 73.636 47.184 2.500
4 2 4 197.336 2.648 70.000 30.946 2.500
4 2 5 194.809 3.000 84.545 8.464 2.500
4 2 6 174.793 3.000 70.000 30.097 2.500
4 2 7 185.184 3.000 74.545 11.554 2.500
4 2 8 202.483 3.000 72.727 32.042 2.500
4 2 9 174.271 3.000 90.909 34.766 2.500
4 2 10 235.130 3.000 81.072 33.135 2.500
4 2 11 176.138 3.000 68.182 36.687 2.500
4 2 12 174.803 3.000 81.818 39.338 2.500
4 2 13 202.680 2.471 65.455 27.207 2.500
4 2 14 206.197 2.080 67.273 35.885 2.500
4 2 15 203.499 1.796 70.909 11.567 2.500
4 2 16 199.822 2.634 66.364 36.899 2.500
4 2 17 196.902 0.926 58.188 13.601 2.500
4 2 18 227.782 2.090 17.180 30.280 2.500
4 2 19 185.964 1.511 26.343 30.012 2.500
4 2 20 229.494 2.306 70.000 35.866 2.500
5 1 1 222.319 0.915 74.545 36.506 2.500
5 1 2 196.349 3.000 67.273 9.113 2.500
5 1 3 206.514 1.440 75.654 37.045 2.500
5 1 4 171.500 1.000 69.091 8.024 2.500
5 1 5 192.943 3.000 78.182 15.083 2.500
5 1 6 198.997 2.324 72.727 11.018 2.500
5 1 7 191.290 3.000 80.000 35.458 2.500
5 1 8 203.652 3.000 80.542 6.799 2.500
5 1 9 186.040 1.473 69.999 33.528 2.500
5 2 1 228.758 1.233 65.293 28.125 2.500
5 2 2 166.488 3.000 65.455 44.542 2.500
5 2 3 212.941 0.793 69.422 17.109 2.500
5 2 4 195.122 2.392 68.591 7.311 2.500
5 2 5 148.805 3.000 74.545 32.146 2.500
5 2 6 161.445 2.771 34.967 49.058 2.500
5 2 7 170.839 3.000 80.909 44.844 2.500
5 2 8 201.509 3.000 76.364 11.917 2.500
5 2 9 191.578 2.249 65.455 32.983 2.500
6 1 1 205.838 3.000 72.184 13.496 2.500
6 1 2 182.009 2.960 62.727 44.237 2.500
6 1 3 210.705 3.000 71.818 5.438 2.500
6 1 4 195.749 2.703 63.636 37.504 2.500
6 1 5 210.203 3.000 65.455 52.184 2.500
6 1 6 222.969 3.000 72.727 32.999 2.500
6 1 7 165.221 3.000 72.727 11.398 2.500
6 1 8 270.693 3.000 70.000 5.629 2.500
6 1 9 198.285 3.000 78.182 37.007 2.500
6 1 10 168.002 3.000 77.273 47.772 2.500
6 1 11 186.713 3.000 90.909 7.174 2.500
6 1 12 207.469 3.000 79.091 35.850 2.500
6 1 13 223.783 2.179 11.424 38.353 2.500
6 1 14 173.483 2.816 67.765 9.753 2.500
6 1 15 220.419 2.003 64.905 35.755 2.500
6 1 16 203.111 2.431 64.545 37.588 2.500
6 1 17 229.491 1.992 70.824 24.970 2.500
6 1 18 208.352 2.705 70.909 6.682 2.500
6 1 19 174.286 1.939 65.455 29.034 2.500
6 1 20 192.711 3.000 65.455 33.868 2.500
6 2 1 177.430 2.339 70.000 57.257 2.500
6 2 2 192.658 1.663 80.000 8.478 2.500
6 2 3 207.682 2.597 73.636 49.423 2.500
6 2 4 222.069 2.500 70.909 38.611 2.500
6 2 5 198.532 3.000 69.099 42.170 2.500
6 2 6 183.008 3.000 76.364 7.475 2.500
6 2 7 156.345 3.000 87.273 35.729 2.500
6 2 8 187.450 3.000 71.818 47.561 2.500
6 2 9 191.761 3.000 73.636 6.026 2.500
6 2 10 180.602 3.000 68.853 30.741 2.500
6 2 11 214.354 3.000 82.727 19.567 2.500
6 2 12 156.331 3.000 90.909 40.177 2.500
6 2 13 208.935 2.554 67.273 34.369 2.500
6 2 14 208.199 2.614 61.818 51.672 2.500
6 2 15 200.670 1.965 59.782 32.851 2.500
6 2 16 195.386 2.968 69.091 35.621 2.500
6 2 17 204.800 0.865 66.724 10.213 2.500
6 2 18 216.215 2.379 82.302 0.000 2.500
6 2 19 189.230 2.316 70.909 4.770 2.500
6 2 20 175.860 2.171 69.091 40.864 2.500
7 1 1 185.443 0.565 64.620 19.727 2.500
7 1 2 221.878 3.000 69.091 33.302 2.500
7 1 3 200.554 1.390 65.838 25.600 2.500
7 1 4 206.227 3.000 72.727 49.563 2.500
7 1 5 186.188 3.000 73.636 30.867 2.500
7 1 6 184.688 3.000 67.273 36.419 2.500
7 1 7 184.923 3.000 63.636 10.968 2.500
7 1 8 198.619 3.000 70.000 12.872 2.500
7 1 9 190.676 2.611 11.066 29.144 2.500
7 2 1 192.486 1.219 71.818 27.199 2.500
7 2 2 214.539 2.341 15.259 33.202 2.500
7 2 3 188.862 1.326 65.455 9.599 2.500
7 2 4 221.349 2.683 70.909 28.761 2.500
7 2 5 218.957 3.000 67.273 7.877 2.500
7 2 6 207.630 3.000 55.659 29.768 2.500
7 2 7 193.224 3.000 69.008 16.960 2.500
7 2 8 200.590 3.000 0.543 0.002 2.500
7 2 9 196.041 1.869 70.000 39.112 2.500
8 1 1 191.946 3.000 70.909 38.973 2.500
8 1 2 208.709 1.998 66.364 49.643 2.500
8 1 3 237.633 2.705 66.374 45.697 2.500
8 1 4 166.798 3.000 63.636 31.968 2.500
8 1 5 177.614 3.000 74.545 27.610 2.500
8 1 6 170.000 3.000 78.182 36.526 2.500
8 1 7 366.429 3.000 67.273 10.470 2.500
8 1 8 186.878 3.000 68.182 35.461 2.500
8 1 9 198.689 3.000 65.502 40.356 2.500
8 1 10 197.136 3.000 70.000 9.970 2.500
8 1 11 196.423 3.000 70.909 34.042 2.500
8 1 12 202.997 3.000 76.364 37.106 2.500
8 1 13 194.901 1.881 62.217 36.070 2.500
8 1 14 176.070 1.845 41.543 11.138 2.500
8 1 15 185.717 1.110 79.180 43.187 2.500
8 1 16 228.328 1.690 67.273 8.301 2.500
8 1 17 172.440 2.597 14.812 48.915 2.500
8 1 18 215.279 2.281 60.909 41.549 2.500
8 1 19 190.453 3.000 64.545 6.796 2.500
8 1 20 168.793 1.846 62.727 54.859 2.500
8 2 1 222.248 2.251 68.182 10.021 2.500
8 2 2 169.994 3.000 74.545 64.027 2.500
8 2 3 167.952 3.000 75.455 29.055 2.500
8 2 4 173.525 2.984 70.909 9.643 2.500
8 2 5 210.636 3.000 89.366 14.693 2.500
8 2 6 217.934 3.000 83.636 62.851 2.500
8 2 7 195.907 3.000 63.636 11.207 2.500
8 2 8 187.506 3.000 76.364 56.292 2.500
8 2 9 164.217 3.000 70.909 7.838 2.500
8 2 10 195.819 3.000 70.000 5.834 2.500
8 2 11 186.179 3.000 69.091 32.990 2.500
8 2 12 219.157 3.000 70.909 7.219 2.500
8 2 13 224.979 2.524 65.455 9.363 2.500
8 2 14 169.635 1.726 70.909 34.666 2.500
8 2 15 196.064 1.755 67.997 27.778 2.500
8 2 16 189.409 1.644 65.455 36.642 2.500
8 2 17 206.675 1.732 32.791 33.595 2.500
8 2 18 205.712 2.027 67.273 49.034 2.500
8 2 19 227.230 1.870 79.733 37.392 2.500
8 2 20 209.659 2.474 77.170 30.065 2.500
