72 5 7 89.375000 10 50 140 940 400
72 5 4 99.500000 10 50 146 940 400
72 5 6 221.403830 10 50 138 940 400
72 6 4 134.755415 10 50 150 940 400
72 3 1 145.125211 10 50 152 940 400
72 4 5 213.483343 10 50 274 940 400
72 6 6 194.000000 10 50 204 940 400
72 8 2 167.289790 10 50 32 940 400
72 8 4 148.664200 10 50 172 940 400
72 5 13 202.663371 10 50 138 940 400
72 5 12 204.070499 10 50 52 940 400
72 5 14 235.960065 10 50 43 940 400
72 6 9 209.488267 10 50 51 940 400
72 3 15 182.650741 10 50 175 940 400
72 4 12 166.128424 10 50 167 940 400
72 6 11 204.133023 10 50 169 940 400
72 8 10 202.037449 10 50 331 940 400
72 8 8 210.629965 10 50 181 940 400
72 3 0 161.586514 10 50 201 940 400
72 4 6 191.833418 10 50 208 940 400
72 17 0 204.696491 10 50 146 940 400
72 19 1 193.138174 10 50 206 940 400
72 4 7 203.506371 10 50 190 940 400
72 6 7 182.542672 10 50 230 940 400
72 16 0 174.618145 10 50 234 940 400
72 17 1 219.130874 10 50 167 940 400
72 5 5 205.997284 10 50 187 940 400
72 7 7 205.014770 10 50 56 940 400
72 15 0 209.598719 10 50 58 940 400
72 16 1 195.050268 10 50 206 940 400
72 8 7 197.410149 10 50 38 940 400
72 8 6 181.912758 10 50 35 940 400
72 7 5 210.638974 10 50 191 940 400
72 7 6 208.331688 10 50 53 940 400
72 14 3 204.203841 10 50 147 940 400
72 14 4 209.689321 10 50 120 940 400
72 14 7 208.106074 10 50 164 940 400
72 14 6 222.687859 10 50 40 940 400
72 3 14 192.919482 10 50 166 940 400
72 4 15 218.390788 10 50 55 940 400
72 17 8 208.826040 10 50 169 940 400
72 19 9 182.919653 10 50 149 940 400
72 4 14 174.434425 10 50 195 940 400
72 6 8 215.342019 10 50 38 940 400
72 16 9 194.276332 10 50 84 940 400
72 18 14 191.000692 10 50 186 940 400
72 5 15 203.905290 10 50 183 940 400
72 7 10 223.859920 10 50 0 940 400
72 15 8 199.937450 10 50 166 940 400
72 16 8 217.625498 10 50 56 940 400
72 8 11 209.092451 10 50 71 940 400
72 8 12 204.509368 10 50 169 940 400
72 7 8 213.843803 10 50 171 940 400
72 7 9 209.977317 10 50 215 940 400
72 14 9 200.351629 10 50 59 940 400
72 14 8 187.375798 10 50 233 940 400
72 14 12 206.781673 10 50 176 940 400
72 14 11 204.130230 10 50 204 940 400
72 17 4 203.719541 10 50 122 940 400
72 17 2 189.277344 10 50 213 940 400
72 17 3 178.134872 10 50 141 940 400
72 16 3 175.680760 10 50 131 940 400
72 15 1 190.056567 10 50 190 940 400
72 16 2 209.693217 10 50 253 940 400
72 18 6 203.991000 10 50 204 940 400
72 13 5 204.453252 10 50 211 940 400
72 13 7 223.250000 10 50 210 940 400
72 17 10 212.501851 10 50 142 940 400
72 17 11 236.418586 10 50 142 940 400
72 17 9 181.328577 10 50 142 940 400
72 16 10 149.668961 10 50 174 940 400
72 15 9 198.407615 10 50 142 940 400
72 16 11 205.250000 10 50 254 940 400
72 18 15 197.410565 10 50 241 940 400
72 13 8 236.672158 10 50 183 940 400
72 13 10 177.653735 10 50 141 940 400
72 19 3 217.385179 10 50 147 940 400
72 18 2 190.606739 10 50 151 940 400
72 19 4 234.414102 10 50 235 940 400
72 17 5 177.916766 10 50 151 940 400
72 18 5 183.798345 10 50 213 940 400
72 17 6 189.404017 10 50 170 940 400
72 18 4 189.238520 10 50 75 940 400
72 16 4 195.868349 10 50 53 940 400
72 14 2 198.640826 10 50 27 940 400
72 14 5 194.602169 10 50 41 940 400
72 18 7 204.277962 10 50 27 940 400
72 15 2 179.604534 10 50 141 940 400
72 13 6 226.584033 10 50 274 940 400
72 10 3 222.657724 10 50 175 940 400
72 10 2 205.897503 10 50 42 940 400
72 10 4 201.231420 10 50 39 940 400
72 10 5 214.286940 10 50 32 940 400
72 10 7 168.598186 10 50 152 940 400
72 10 6 208.102641 10 50 51 940 400
72 14 1 213.690886 10 50 199 940 400
72 19 11 188.854430 10 50 187 940 400
72 18 11 240.748865 10 50 159 940 400
72 19 12 200.789176 10 50 241 940 400
72 17 13 197.335925 10 50 158 940 400
72 18 12 194.809421 10 50 43 940 400
72 17 12 174.792704 10 50 154 940 400
72 18 10 185.183753 10 50 59 940 400
72 16 13 202.483447 10 50 164 940 400
72 14 10 174.270665 10 50 177 940 400
72 14 13 235.130052 10 50 169 940 400
72 18 13 176.138066 10 50 187 940 400
72 15 10 174.803461 10 50 201 940 400
72 13 9 202.680492 10 50 139 940 400
72 10 11 206.196597 10 50 183 940 400
72 10 10 203.498578 10 50 59 940 400
72 10 13 199.821656 10 50 188 940 400
72 10 12 196.902147 10 50 69 940 400
72 10 15 227.781536 10 50 154 940 400
72 10 14 185.963538 10 50 153 940 400
72 14 14 229.494289 10 50 183 940 400
72 15 6 222.318893 10 50 186 940 400
72 4 0 196.349048 10 50 46 940 400
72 15 7 206.513510 10 50 189 940 400
72 17 7 171.500000 10 50 41 940 400
72 16 6 192.943128 10 50 77 940 400
72 16 5 198.996817 10 50 56 940 400
72 16 7 191.289578 10 50 181 940 400
72 15 5 203.651720 10 50 34 940 400
72 14 0 186.039508 10 50 171 940 400
72 15 14 228.757977 10 50 143 940 400
72 4 9 166.488207 10 50 227 940 400
72 15 15 212.940705 10 50 87 940 400
72 17 14 195.122473 10 50 37 940 400
72 16 15 148.805087 10 50 164 940 400
72 16 12 161.445054 10 50 251 940 400
72 16 14 170.839135 10 50 229 940 400
72 15 13 201.508745 10 50 60 940 400
72 14 15 191.578230 10 50 168 940 400
72 3 6 205.838366 10 50 69 940 400
72 13 3 182.008796 10 50 226 940 400
72 9 7 210.705446 10 50 27 940 400
72 18 1 195.749107 10 50 191 940 400
72 18 0 210.202636 10 50 267 940 400
72 13 4 222.968621 10 50 168 940 400
72 9 2 165.220952 10 50 58 940 400
72 4 1 270.693062 10 50 28 940 400
72 3 7 198.285022 10 50 189 940 400
72 13 2 168.002312 10 50 244 940 400
72 7 0 186.712943 10 50 36 940 400
72 19 6 207.468928 10 50 183 940 400
72 13 0 223.783068 10 50 196 940 400
72 13 1 173.482678 10 50 49 940 400
72 15 4 220.419447 10 50 183 940 400
72 15 3 203.110747 10 50 192 940 400
72 7 1 229.491172 10 50 127 940 400
72 7 2 208.352227 10 50 34 940 400
72 9 4 174.285727 10 50 148 940 400
72 9 3 192.711165 10 50 173 940 400
72 3 8 177.429890 10 50 293 940 400
72 13 15 192.658200 10 50 43 940 400
72 9 15 207.682419 10 50 252 940 400
72 18 8 222.069007 10 50 197 940 400
72 17 15 198.531789 10 50 215 940 400
72 13 12 183.008311 10 50 38 940 400
72 9 10 156.345320 10 50 182 940 400
72 4 8 187.449637 10 50 243 940 400
72 3 9 191.760889 10 50 30 940 400
72 13 11 180.602257 10 50 157 940 400
72 7 15 214.353517 10 50 100 940 400
72 19 14 156.330892 10 50 205 940 400
72 13 14 208.935477 10 50 175 940 400
72 13 13 208.199475 10 50 264 940 400
72 15 11 200.669753 10 50 168 940 400
72 15 12 195.385798 10 50 182 940 400
72 7 13 204.800475 10 50 52 940 400
72 7 14 216.215342 10 50 0 940 400
72 9 13 189.229780 10 50 24 940 400
72 9 14 175.860353 10 50 209 940 400
72 6 2 185.442687 10 50 100 940 400
72 5 2 221.877930 10 50 170 940 400
72 6 1 200.554307 10 50 131 940 400
72 5 0 206.227339 10 50 253 940 400
72 6 0 186.187833 10 50 157 940 400
72 18 3 184.687791 10 50 186 940 400
72 5 1 184.922909 10 50 56 940 400
72 7 3 198.618990 10 50 65 940 400
72 8 1 190.675741 10 50 149 940 400
72 6 15 192.486468 10 50 139 940 400
72 5 11 214.539492 10 50 169 940 400
72 6 14 188.861703 10 50 49 940 400
72 5 9 221.348619 10 50 147 940 400
72 6 13 218.956823 10 50 40 940 400
72 18 9 207.630458 10 50 152 940 400
72 5 8 193.223839 10 50 86 940 400
72 7 12 200.589592 10 50 0 940 400
72 8 13 196.041163 10 50 200 940 400
72 5 3 191.945510 10 50 199 940 400
72 3 4 208.708646 10 50 254 940 400
72 3 5 237.632627 10 50 233 940 400
72 3 3 166.798215 10 50 163 940 400
72 6 3 177.614096 10 50 141 940 400
72 4 3 169.999813 10 50 186 940 400
72 4 2 366.429366 10 50 53 940 400
72 3 2 186.877882 10 50 181 940 400
72 6 5 198.689175 10 50 206 940 400
72 4 4 197.135685 10 50 51 940 400
72 8 5 196.423010 10 50 174 940 400
72 7 4 202.996743 10 50 189 940 400
72 8 0 194.901149 10 50 184 940 400
72 9 5 176.069784 10 50 57 940 400
72 9 6 185.717274 10 50 221 940 400
72 9 0 228.327974 10 50 42 940 400
72 9 1 172.440023 10 50 250 940 400
72 10 1 215.279397 10 50 212 940 400
72 10 0 190.452898 10 50 34 940 400
72 8 3 168.793023 10 50 280 940 400
72 5 10 222.247620 10 50 51 940 400
72 3 10 169.993961 10 50 327 940 400
72 3 11 167.952235 10 50 148 940 400
72 3 13 173.525049 10 50 49 940 400
72 6 10 210.635975 10 50 75 940 400
72 4 10 217.933984 10 50 321 940 400
72 4 11 195.907415 10 50 57 940 400
72 3 12 187.505797 10 50 288 940 400
72 6 12 164.217304 10 50 40 940 400
72 4 13 195.818931 10 50 29 940 400
72 8 15 186.179205 10 50 168 940 400
72 7 11 219.156991 10 50 36 940 400
72 8 14 224.978759 10 50 47 940 400
72 9 12 169.634755 10 50 177 940 400
72 9 11 196.064230 10 50 142 940 400
72 9 9 189.409124 10 50 187 940 400
72 9 8 206.675481 10 50 171 940 400
72 10 8 205.712442 10 50 250 940 400
72 10 9 227.230305 10 50 191 940 400
72 8 9 209.658788 10 50 153 940 400
