1 1 1 18.457294 27.445179 6.416293 76.479496 418.964582 179.646542 0.210714 36.098327 743.540346 50.868184 71.615106 41.315518
1 1 2 12.950643 28.539509 4.659727 44.566910 369.932264 163.022710 0.150749 36.726178 316.222741 13.494214 76.096616 73.139753
1 1 3 60.919843 27.045082 8.487202 39.484878 445.625699 73.828151 5.174494 36.098334 1948.484292 12.865586 73.882314 1251.463894
1 1 4 22.440452 29.347733 177.021782 94.962195 393.860509 29.942985 0.660336 37.338392 150.572734 55.483704 65.820659 24.385396
1 1 5 73.647367 29.808064 59.380124 47.134258 359.226712 147.486661 95.693459 41.875796 26.853367 42.272983 61.297542 33.507650
1 1 6 72.727273 53.659774 6.835925 43.694928 392.702998 34.303231 0.000000 0.239168 242.119433 36.090953 68.753796 23.097053
1 1 7 73.636364 39.868634 35.541039 92.370326 377.002140 168.775617 95.693444 51.981681 26.627710 51.481030 69.861520 14.869078
1 1 8 70.909091 6.423703 22.171088 38.815262 341.693130 133.038684 0.000000 0.301477 24.008380 43.447670 58.087599 22.955611
1 1 9 34.745743 33.747427 108.668418 62.866673 420.748725 29.046741 0.268974 38.693658 95.165683 36.623397 53.850638 808.418579
1 2 1 76.363636 26.994632 139.657387 74.365537 400.636513 59.864341 99.237786 36.098352 105.900250 40.723747 51.035144 504.183694
1 2 2 69.090909 10.304955 152.094233 66.417171 364.483175 28.317663 89.786725 0.167584 124.689120 44.568123 55.218142 35.299024
1 2 3 70.000000 8.485888 25.964420 161.312131 403.868421 173.192826 90.968039 0.279430 2595.836004 16.276478 51.979198 28.323642
1 2 4 68.181818 9.996519 134.196717 17.695944 408.651431 26.744320 88.605242 0.142276 132.100912 56.069982 60.087507 31.816054
1 2 5 68.181818 34.289233 90.328369 31.602706 337.353756 126.524636 88.605517 NaN 21.736189 40.173962 49.365903 11.774231
1 2 6 70.000000 32.781067 0.807506 28.403560 409.751180 39.944875 90.967963 38.663874 144.284771 31.765957 60.742882 20.297389
1 2 7 61.818182 33.097998 107.118560 27.219055 321.700810 132.808907 0.000000 38.841926 72.773941 41.129078 50.008688 25.457062
1 2 8 67.272727 64.809398 138.923913 28.311523 304.616868 122.667509 0.000000 40.864400 87.402587 40.126685 44.402274 26.220230
1 2 9 69.090909 35.368807 83.693508 21.095845 412.045149 14.530737 89.786449 NaN 23.412666 28.783983 49.512847 278.537356
2 1 1 76.363636 39.430375 4.203365 0.322587 407.782032 45.167204 99.237701 51.981869 640.686308 88.612235 71.618572 153.041825
2 1 2 74.545455 40.699998 46.195788 1.245849 388.169272 32.374321 96.874847 51.981790 157.714243 42.696941 73.846535 32.390979
2 1 3 29.373164 28.671034 185.743175 0.670788 379.003638 21.716345 0.235500 36.808575 143.481232 25.877865 65.163511 34.467794
2 1 4 65.454545 40.342359 215.640511 62.729385 392.872090 40.788415 85.060848 51.981833 167.085857 60.487143 73.991389 25.891767
2 1 5 63.636364 37.167209 11.683036 100.219443 374.805770 157.345782 82.698044 46.927920 33.900617 48.833605 68.509692 38.450744
2 1 6 70.000000 44.956356 15.667682 95.703148 380.472763 159.198759 90.967854 NaN 32.513189 49.498008 68.435060 37.515678
2 1 7 72.727273 45.776570 99.510363 85.972393 379.897977 159.811376 94.512105 51.981678 26.390991 51.574296 66.866023 35.267063
2 1 8 69.507312 32.730246 180.703951 91.422335 357.293077 148.883594 92.149289 NaN 124.174153 46.655351 60.155937 32.875516
2 1 9 74.545455 36.591028 15.365759 68.531272 369.476250 203.286282 96.874845 46.927911 30.693620 52.277244 79.003178 15.211367
2 1 10 80.000000 11.012804 41.690535 76.269220 338.965379 93.448382 0.000000 0.280844 27.338383 42.359066 61.039628 22.331711
2 1 11 72.727273 11.332312 69.549110 62.350427 332.725324 185.840578 94.512076 0.165811 39.781119 44.236732 57.751565 27.810686
2 1 12 76.363636 40.424143 12.653828 36.645696 378.585802 158.277414 99.237652 51.981730 27.467481 46.468584 80.112333 25.584357
2 1 13 72.091715 7.518736 0.031578 71.232486 435.306111 128.989933 93.330623 0.141671 380.095928 49.052080 63.789819 24.195489
2 1 14 68.657846 6.870258 133.654355 70.341302 408.779211 158.780690 90.967898 1.125530 102.885966 39.354864 54.175266 35.980778
2 1 15 13.163012 37.367697 125.305738 0.146598 432.407305 29.946454 0.885372 46.927922 82.806869 9.097865 64.157363 1066.847400
2 1 16 30.575338 10.453687 17.904986 31.280269 685.738861 12.778073 0.551022 0.310061 553.657823 6.480296 8.292773 40.027466
2 1 17 17.398450 28.818575 86.867268 22.772241 191.472752 24.246118 3.879304 36.722476 27.772964 29.201581 42.216009 534.785338
2 1 18 66.411350 23.601570 117.304113 24.548488 443.184826 39.648425 86.242277 0.094965 78.115214 28.742608 34.290661 749.051040
2 1 19 83.331276 32.097121 35.069762 31.354507 439.776053 187.044457 107.508010 NaN 193.054655 28.535366 59.658211 30.407557
2 1 20 69.101153 7.907749 163.108479 35.105324 438.629364 180.068461 90.967816 0.117661 125.876461 10.435513 71.606396 34.358990
2 2 1 75.454545 32.555200 152.005237 74.831098 376.890445 21.202705 0.000000 38.835583 122.147866 44.708709 50.323258 17.580976
2 2 2 68.181818 10.759505 147.258011 27.533416 379.030611 25.842710 88.605060 0.127828 126.828662 34.892694 65.313857 29.298883
2 2 3 62.062864 33.108791 0.297338 25.064389 397.963516 22.684680 81.516795 38.767074 305.135470 34.240094 55.891541 20.264906
2 2 4 67.272727 29.126953 0.408661 25.286732 388.917682 23.325385 87.423798 36.651393 168.226166 34.333959 53.961773 15.079511
2 2 5 66.363636 38.263764 89.158038 31.569698 358.322002 152.589090 86.242367 NaN 23.101515 42.820458 54.771895 27.897884
2 2 6 77.272727 7.615005 142.714429 29.842134 357.052320 150.152031 100.419279 0.800767 107.474739 40.617959 51.594409 28.285726
2 2 7 68.181818 16.472429 99.262231 28.464096 306.907299 129.975683 88.605665 0.194993 68.060070 40.601055 43.121184 25.354618
2 2 8 68.181818 36.399929 89.714221 30.236841 335.116006 137.769867 0.000000 NaN 22.518962 39.506277 50.527737 13.806619
2 2 9 71.818182 35.834338 126.511051 28.110597 304.916076 137.453584 0.000000 NaN 87.720453 43.516643 46.762297 39.964013
2 2 10 0.132727 0.008629 18.430978 15.670865 297.993533 200.467023 1.192825 1.160549 106.859716 47.123496 57.410412 12.496805
2 2 11 78.181818 32.515642 147.640403 28.306998 296.687967 69.794133 101.601023 41.874090 80.587260 39.657124 44.620226 36.700739
2 2 12 84.545455 10.946144 101.812486 28.114700 291.497184 37.468383 109.873112 0.155855 72.188726 41.627354 40.664665 28.959725
2 2 13 68.759442 13.976375 82.164519 23.088881 386.679257 84.814558 85.864757 0.201468 20.672587 30.890964 46.932115 43.322520
2 2 14 70.909091 33.072276 88.535578 22.271317 446.812946 102.176348 92.149286 38.930010 23.476084 31.510396 47.405292 51.404075
2 2 15 73.636364 33.439753 85.696751 41.671411 43.228694 21.006636 95.693450 NaN 24.823731 16.967557 45.594962 820.705908
2 2 16 96.552197 42.066993 87.462159 1.702417 1.246261 137.277847 90.027097 NaN 24.780766 9.794885 101.694010 10.444340
2 2 17 70.146272 11.595416 86.806750 33.898992 174.876772 18.459826 90.967810 0.076948 34.131661 6.494231 8.297216 804.977765
2 2 18 16.542218 45.603067 17.200521 45.909641 538.037796 44.473717 0.677568 NaN 46.877513 16.610681 21.859273 11.842133
2 2 19 69.090909 34.564695 88.807494 3.028986 385.132279 102.972516 89.786578 NaN 23.430168 169.016598 42.795718 43.779059
2 2 20 62.727273 39.974638 78.897447 22.527260 387.653370 162.339245 0.000000 NaN 20.661203 32.352284 49.560719 32.067375
3 1 1 53.627742 23.840798 9.968353 108.674523 457.122744 194.383131 69.702659 0.068779 1848.438318 19.880626 67.292034 32.034175
3 1 2 66.363636 41.793817 1.040831 1.230308 392.810534 165.011087 0.000000 46.927948 804.568997 102.105743 70.168889 38.678552
3 1 3 72.562328 27.578671 26.713149 106.414276 450.433505 68.965472 94.512107 36.098333 2413.226894 72.988416 62.040283 1169.869193
3 1 4 70.000000 25.656838 18.165015 72.764414 381.422970 28.691931 90.967880 NaN 167.996333 57.573055 69.674484 37.820899
3 1 5 88.181818 37.120001 33.051453 166.237631 378.438909 131.020320 114.595856 46.928025 31.624119 22.689637 67.170165 11.895768
3 1 6 75.454545 49.525923 190.904260 0.564157 392.831546 164.803620 0.000000 51.981711 150.853914 61.700843 72.843194 40.765647
3 1 7 75.454545 40.010953 419.365076 84.581468 360.760728 149.321134 98.056302 51.981711 27.199218 48.658352 61.936347 33.397216
3 1 8 65.454545 41.282408 19.461382 36.976845 350.012388 146.177636 85.060866 51.982909 24.334926 45.691130 62.374829 13.032809
3 1 9 65.454545 41.181934 144.026770 80.072294 399.210745 167.534666 85.060889 51.982228 114.863112 42.849951 29.935106 21.178949
3 2 1 68.242835 27.790867 27.790313 76.699816 430.732888 41.472749 88.605164 36.098365 1105.551996 36.300255 51.811337 680.027415
3 2 2 67.272727 27.777778 145.287190 26.029736 359.052123 16.379541 87.424512 36.098340 112.500716 36.872970 53.544924 21.166758
3 2 3 59.083009 27.812998 27.626039 42.154353 490.500271 213.475764 76.791111 36.098335 713.985325 12.090634 53.842990 26.099248
3 2 4 70.909091 34.010144 147.046936 26.207160 337.425319 16.098703 92.151964 NaN 111.993039 38.226803 50.691487 12.074607
3 2 5 68.181818 27.777778 50.619001 29.572340 330.023728 137.726017 88.605780 36.098336 22.924330 39.619773 47.416982 15.967438
3 2 6 73.733560 49.763663 4.076509 28.331676 333.611535 2.711532 92.150052 1.385732 87.886503 39.593217 45.304714 12.721777
3 2 7 70.000000 47.210994 88.006124 28.498946 338.830975 138.733176 0.000000 1.058210 22.753800 42.837713 50.567159 27.946440
3 2 8 73.636364 35.943808 130.518200 26.786226 288.583493 7.907210 95.694395 NaN 82.704559 39.127067 43.089679 17.299192
3 2 9 70.000000 27.616052 91.207567 21.381189 73.445929 13.485590 90.967847 NaN 26.525814 31.055472 106.842668 808.838035
4 1 1 62.727273 28.717945 8.012694 73.587156 387.324949 33.761474 0.000000 37.175344 193.679480 60.140485 66.411101 48.810359
4 1 2 37.133172 29.613780 0.777571 104.688403 389.956225 31.383283 0.255015 37.916976 868.591189 55.134592 73.677780 41.574313
4 1 3 66.363636 45.946181 201.133149 106.334165 397.508309 167.876274 86.242308 51.981874 155.628928 55.024222 66.932977 31.486700
4 1 4 71.818182 29.538277 3.860183 97.747450 407.860719 105.533679 0.000000 37.893178 467.507654 58.516728 70.267067 87.735531
4 1 5 66.363636 41.629844 14.657699 86.376323 356.149628 75.738612 86.242258 46.927908 27.500626 48.646069 70.085035 13.763842
4 1 6 70.909091 33.248024 12.115910 90.098602 371.011259 156.095718 92.149242 38.666564 32.797828 50.399371 63.489975 37.029863
4 1 7 65.990467 14.741532 13.145021 41.602562 372.905267 88.254576 87.423688 0.363777 30.584407 44.994185 65.029995 14.510032
4 1 8 74.545455 10.442453 342.413704 80.855400 355.269164 132.647349 0.000000 0.221926 63.371847 49.411559 61.720002 12.308535
4 1 9 70.000000 5.427953 19.679019 33.503288 357.725710 161.843061 90.967845 0.120499 54.664812 45.406573 63.451543 29.372536
4 1 10 80.909091 8.076056 51.377309 36.652316 319.019075 126.799703 105.144701 0.085402 30.902336 45.306851 59.334843 35.636323
4 1 11 71.818182 5.360316 11.378343 35.730914 361.407344 110.093090 0.000000 40.900768 26.744934 46.444024 96.942415 17.654270
4 1 12 70.909091 27.735361 15.376070 38.868054 337.764638 142.603800 92.149283 36.752818 26.556952 46.508316 58.233610 36.531450
4 1 13 15.298046 53.684979 104.081190 58.912916 259.220085 77.686510 0.149975 32.207363 97.394545 37.648793 8.292700 42.889115
4 1 14 21.524899 34.286964 1.478073 44.677428 416.783042 173.449855 0.492854 NaN 260.878539 45.978137 59.334911 30.031747
4 1 15 25.206711 8.311603 103.220547 61.809216 426.032483 13.175696 0.473138 34.887228 88.494474 28.387223 59.742976 1064.289308
4 1 16 67.693869 7.651202 69.123724 14.858333 246.240204 2.118026 88.633663 0.313180 14.614630 31.226373 79.122354 563.791585
4 1 17 13.993327 6.275921 88.246870 9.354798 265.576810 79.938075 0.202070 0.080398 36.036468 25.134573 31.396968 33.127872
4 1 18 56.760712 29.703966 80.010911 37.261910 449.575756 14.454599 75.609658 37.058951 22.223830 9.387014 43.130308 1115.430212
4 1 19 55.349715 9.981869 23.663867 36.176493 446.814999 25.673686 7.201623 0.068597 64.648124 10.583562 76.228791 349.363514
4 1 20 31.134732 39.041466 143.879167 58.174241 396.715824 94.665773 0.215871 NaN 134.651052 47.686268 56.633844 18.619701
4 2 1 17.382308 36.618462 1.730167 27.486045 392.844985 25.924830 1.113684 NaN 364.466935 34.052703 57.345780 33.220007
4 2 2 70.909091 31.097024 0.148774 114.489518 443.439773 40.473151 92.149625 37.773763 882.414176 50.879448 62.944349 54.507378
4 2 3 73.636364 47.183677 0.607498 0.000014 411.118212 30.752840 95.693665 41.213014 1113.537703 12.638190 57.781697 72.086952
4 2 4 70.000000 30.946061 155.230193 28.931492 367.547003 20.903703 90.968054 38.531423 118.308184 37.085430 51.914401 18.106965
4 2 5 84.545455 8.464170 29.245489 30.762652 343.568758 130.756259 109.870515 0.145799 23.428024 40.530907 54.795717 11.522071
4 2 6 70.000000 30.096864 140.800912 30.229655 359.990699 148.582147 90.968310 37.513471 108.347091 45.199721 51.256559 26.552306
4 2 7 74.545455 11.553890 21.350103 85.321707 362.559157 151.444678 0.000000 0.209711 24.377703 42.100896 54.195842 11.264161
4 2 8 72.727273 32.042191 89.220353 33.871547 326.635376 134.117370 94.512366 38.612396 22.312963 41.903617 47.489349 27.087045
4 2 9 90.909091 34.766289 149.592344 31.539017 307.793598 123.792634 118.140338 46.928823 90.318265 40.923459 46.493616 30.842957
4 2 10 81.072118 33.134643 121.029108 25.153347 279.662775 112.130519 101.600855 NaN 79.201618 38.877638 41.160717 25.925649
4 2 11 68.181818 36.686613 85.351201 26.345655 334.127755 139.102147 88.605443 NaN 77.096880 45.072414 50.562400 29.308653
4 2 12 81.818182 39.337872 148.069784 29.557789 307.890646 63.755684 106.326484 20.225724 86.632812 41.982540 47.684450 25.937077
4 2 13 65.454545 27.206966 85.105418 60.149476 96.758558 43.481311 85.060863 36.674497 22.882344 37.594788 12.642835 9.764985
4 2 14 67.272727 35.884575 81.159920 20.545548 405.993699 166.298419 87.423642 NaN 22.474497 29.472503 46.649136 26.193982
4 2 15 70.909091 11.566660 94.605957 21.374556 427.973336 8.760413 92.149259 0.179696 28.549231 28.962498 47.443815 709.076274
4 2 16 66.363636 36.898931 88.650130 22.043299 26.332731 18.748160 86.242232 46.928037 27.025342 32.782582 26.533181 1049.928047
4 2 17 58.188159 13.601162 69.443812 31.140255 90.294478 7.512201 75.609664 0.444849 13.583014 5.287026 16.212575 80.439073
4 2 18 17.179740 30.279851 87.489307 36.499520 391.146690 20.252666 81.729180 37.727251 28.572213 8.479345 35.211706 76.766168
4 2 19 26.342598 30.012349 86.738597 21.179192 393.160258 129.947970 0.495773 38.986341 25.620804 30.938114 50.006254 47.632621
4 2 20 70.000000 35.865566 87.836334 25.397932 405.573329 53.635672 90.967955 NaN 22.073307 33.455665 49.147312 11.171249
5 1 1 74.545455 36.506299 20.837295 96.234262 442.833355 56.559547 96.874937 46.927872 2304.820769 57.840126 66.642375 942.225035
5 1 2 67.272727 9.113499 0.000850 92.203356 403.962216 173.016543 0.000000 0.141490 1964.154734 57.545470 76.930688 38.630643
5 1 3 75.654163 37.045301 25.437704 42.070298 456.110141 10.232587 88.984630 46.928489 2469.311096 61.978573 64.793585 1257.246978
5 1 4 69.090909 8.024455 4.081058 92.919935 383.178374 29.006700 89.786461 0.129746 303.697658 52.756210 70.395391 49.291911
5 1 5 78.181818 15.082552 190.087050 47.218961 355.751994 123.636133 101.600529 0.442033 56.586718 43.359625 59.813011 18.222678
5 1 6 72.727273 11.017514 203.188917 0.089262 380.193855 159.475758 0.000000 0.405465 142.827642 61.418753 68.530537 35.275740
5 1 7 80.000000 35.458039 331.408108 84.849592 349.215986 119.743327 0.000000 46.928199 67.105745 47.605012 60.780252 11.320603
5 1 8 80.542032 6.799138 170.926842 68.889005 335.772845 135.864185 103.963273 0.597760 113.862961 45.800176 58.478319 35.748138
5 1 9 69.999319 33.527809 120.226602 26.115866 442.441174 121.990997 92.149231 NaN 100.798959 28.160435 68.399628 54.194169
5 2 1 65.293484 28.124645 27.309262 40.309845 437.602698 179.913975 82.693700 35.282114 695.047191 10.740898 48.640400 27.780500
5 2 2 65.454545 44.541809 0.046628 61.855999 414.925819 146.484821 85.060878 1.931851 667.958082 37.833792 66.983079 57.060270
5 2 3 69.422231 17.109301 9.171623 39.830590 458.312993 37.243686 89.792524 0.172581 565.429595 11.359502 64.451849 965.319066
5 2 4 68.590820 7.311302 10.235352 57.421500 354.557483 20.857657 92.149512 0.625542 93.841207 43.070992 52.212705 19.024138
5 2 5 74.545455 32.146178 29.431156 31.105980 339.386431 137.152691 96.874946 41.874167 23.657715 43.052976 52.043971 30.840450
5 2 6 34.966655 49.058388 0.052730 68.725680 368.848167 19.651830 1.678751 NaN 195.754537 47.100568 51.560904 21.432329
5 2 7 80.909091 44.843979 137.953271 30.270613 327.701338 136.030560 105.145034 1.273416 22.410155 41.258356 47.607660 25.110554
5 2 8 76.363636 11.916651 144.388557 30.168752 331.522910 121.182268 99.237736 0.139955 96.400712 44.976496 50.246489 38.145249
5 2 9 65.454545 32.983030 90.266955 6.632532 390.670032 25.648909 85.060907 41.874155 28.025625 24.285839 45.077662 300.647125
6 1 1 72.183764 13.496462 3.052151 99.102736 390.800685 32.682945 92.149266 0.189218 692.892147 54.236415 72.606050 141.101717
6 1 2 62.727273 44.236834 194.381233 45.126940 369.689048 38.068581 0.000000 NaN 139.270137 12.527275 69.365420 55.321328
6 1 3 71.818182 5.437812 196.396833 67.505030 385.032903 88.240811 0.000000 0.346259 144.354633 58.318670 75.428082 111.878068
6 1 4 63.636364 37.503934 3.280247 101.985812 390.997390 50.360744 82.698080 46.927895 712.864046 54.639754 75.010130 129.144275
6 1 5 65.454545 52.184153 32.919953 70.644673 359.247108 83.902221 0.000000 0.819963 26.537792 50.780735 63.523132 12.538700
6 1 6 72.727273 32.998816 16.029296 78.050145 355.008346 86.408866 0.000000 NaN 26.320497 46.630173 62.084750 17.225089
6 1 7 72.727273 11.397581 20.055151 88.080069 355.520233 127.154582 94.512088 0.748762 25.757568 46.746576 60.125711 11.350660
6 1 8 70.000000 5.628788 14.164802 61.226815 379.825745 67.798984 90.967845 0.787929 30.390722 57.020492 67.939772 14.365037
6 1 9 78.181818 37.007159 17.246048 39.079131 347.054692 141.942605 101.600495 46.927996 27.026801 47.447057 59.640197 35.033071
6 1 10 77.272727 47.772058 27.753960 77.806665 327.390686 137.449761 0.000000 51.981666 35.112512 39.628363 54.667419 17.609679
6 1 11 90.909091 7.173771 22.608188 39.794818 331.977538 139.714744 118.140095 0.418441 29.414281 48.226937 58.117036 26.124888
6 1 12 79.090909 35.849560 19.480471 94.490341 351.958220 65.026500 102.781841 46.927913 25.681759 42.862531 64.479558 15.186141
6 1 13 11.423818 38.352769 157.795629 82.731163 404.482545 82.483458 0.196140 NaN 121.122817 44.856133 56.672048 22.623072
6 1 14 67.765067 9.752603 32.185481 73.810945 443.062471 3.116852 88.605033 0.125397 170.688338 45.850857 69.360839 24.230806
6 1 15 64.905077 35.754758 78.934399 62.956525 424.082797 32.221068 85.060824 46.927927 21.956470 34.308840 64.097525 875.695084
6 1 16 64.545455 37.588094 114.752228 40.483218 508.197720 18.974670 0.000000 46.927950 89.502318 9.757596 38.758805 964.392463
6 1 17 70.823573 24.970397 96.672873 19.830998 419.307756 152.512210 92.110474 38.182248 67.305196 28.069033 22.690277 29.362985
6 1 18 70.909091 6.681936 124.570775 43.194921 474.854676 34.445098 92.149236 0.250028 84.244996 10.893373 28.924450 566.833844
6 1 19 65.454545 29.034434 129.150368 29.564796 415.318586 183.448916 0.000000 45.561795 106.647374 32.983887 53.222556 26.826009
6 1 20 65.454545 33.867854 1.505048 72.181900 424.148173 179.931552 85.060838 NaN 843.734470 50.820443 69.425782 33.092875
6 2 1 70.000000 57.256572 1.324294 74.386542 400.293197 39.913085 90.967835 3.631739 538.951445 49.790956 67.209992 110.137068
6 2 2 80.000000 8.477782 11.336627 75.410466 351.743501 24.025631 103.963501 0.194215 56.682484 41.794655 53.859317 18.767937
6 2 3 73.636364 49.423369 17.319508 30.058292 338.732346 17.556410 0.000000 1.415925 142.303490 38.729950 53.479530 13.314378
6 2 4 70.909091 38.610627 136.700759 80.200734 387.137019 36.404586 92.149230 3.453100 120.947607 48.375823 69.303956 47.382127
6 2 5 69.099431 42.170386 27.703202 29.919628 341.654050 136.451983 92.153389 NaN 24.904109 42.353513 54.101483 30.622539
6 2 6 76.363636 7.474779 17.005126 29.340347 363.090359 156.127024 0.000000 0.158941 27.670853 43.764332 50.809718 18.866817
6 2 7 87.272727 35.728678 20.568801 77.542461 353.157124 160.280058 113.415162 46.927972 24.684996 38.943407 51.323286 10.093704
6 2 8 71.818182 47.560971 145.353215 30.190889 370.847653 151.514012 93.330653 1.975193 114.566591 42.080926 60.025858 32.171813
6 2 9 73.636364 6.025973 102.865909 26.863205 325.552492 132.824074 0.000000 40.885928 79.142317 43.739951 48.685396 28.890220
6 2 10 68.853142 30.740783 116.603063 24.842757 283.875741 117.220673 86.161063 37.613102 81.372916 41.220020 41.619905 21.822174
6 2 11 82.727273 19.566523 101.850842 27.464851 293.808804 117.650420 0.000000 47.715125 82.315178 43.348306 43.850528 28.541538
6 2 12 90.909091 40.177108 34.549275 36.371776 320.304810 130.698341 118.140339 51.981724 27.296591 43.091801 47.094289 29.394801
6 2 13 67.272727 34.368923 114.683566 23.887933 379.683061 87.518050 0.000000 NaN 88.917955 31.994087 46.637040 53.411763
6 2 14 61.818182 51.671510 79.767368 20.144200 447.151461 164.349230 0.000000 1.054677 21.179739 34.837884 52.322223 47.578066
6 2 15 59.782068 32.850820 57.291106 3.241540 375.193388 25.707434 77.972433 NaN 25.540591 30.947877 33.525030 516.820714
6 2 16 69.090909 35.621049 101.851406 25.538071 0.001275 9.024084 89.786438 46.927909 28.531702 37.824882 36.408668 783.231247
6 2 17 66.723584 10.213294 50.539695 27.011502 58.858240 33.445558 86.242276 2.302072 581.330425 8.071731 28.812795 9.878594
6 2 18 82.301699 0.000000 59.323524 41.460550 441.898900 23.005268 107.514743 10.000000 953.732925 1000.000000 41.384858 1000.000000
6 2 19 70.909091 4.770433 88.809252 20.702830 406.593428 150.619072 92.149287 41.836127 23.795624 34.468278 42.921019 28.274651
6 2 20 69.090909 40.864448 89.535702 28.660750 431.621928 176.886912 0.000000 NaN 24.237166 36.199880 53.080011 28.966941
7 1 1 64.619503 19.726684 19.103985 86.783860 443.416095 102.041743 85.060897 30.413004 2192.802165 56.275770 61.723639 1245.713721
7 1 2 69.090909 33.302311 1.829538 91.445166 387.056379 177.214397 89.786479 NaN 563.635583 58.916963 73.579117 33.401795
7 1 3 65.838366 25.600343 19.738447 41.233734 436.452956 40.556705 86.242328 1.060326 2911.397816 12.678783 61.265795 1181.285118
7 1 4 72.727273 49.562956 176.023492 84.538885 377.101235 163.096418 0.000000 51.981670 140.516556 67.905906 63.713116 39.257200
7 1 5 73.636364 30.866783 58.707834 86.725909 376.234695 155.976656 95.693450 NaN 27.788515 51.433955 68.141429 37.398539
7 1 6 67.272727 36.418994 3.513292 75.575314 398.341732 169.767598 0.000000 46.928106 617.404942 68.791975 70.494270 40.404092
7 1 7 63.636364 10.967792 8.457165 83.960665 386.011512 217.510728 82.698056 0.310645 43.314427 57.823131 72.451532 12.701483
7 1 8 70.000000 12.872345 14.243114 40.039909 355.261261 69.086875 0.000000 0.431223 25.900102 43.429452 63.806265 12.839086
7 1 9 11.065958 29.144496 117.119301 68.594773 428.564993 31.674117 75.942187 NaN 99.184335 37.478140 53.069279 332.774411
7 2 1 71.818182 27.198998 22.956842 47.747558 420.388419 30.418721 93.330690 36.098340 1278.660774 12.347814 54.554310 1240.307590
7 2 2 15.259252 33.201879 137.905071 26.888792 338.274575 15.584897 5.479801 38.725134 116.938221 36.882303 51.016253 16.954151
7 2 3 65.454545 9.599450 24.548233 39.997144 427.890633 176.538881 85.060894 0.397798 436.819281 10.917330 54.818495 26.987828
7 2 4 70.909091 28.761037 147.717693 76.683723 348.779064 22.812630 92.149390 36.628273 115.302975 45.119269 54.692157 20.286445
7 2 5 67.272727 7.877127 89.340505 28.829267 326.016033 118.878779 0.000000 0.349221 22.806457 40.841666 50.914032 30.009838
7 2 6 55.658797 29.768475 1.267443 38.785412 412.057915 174.954427 74.428308 37.048625 584.646562 12.701781 60.340496 31.870925
7 2 7 69.008266 16.960234 83.303631 28.821919 326.980997 142.516276 87.425466 0.170638 22.413531 42.215308 52.349522 30.197561
7 2 8 0.543402 0.001953 311.742618 4.740009 308.082814 33.986414 0.073772 1.540236 41.474045 64.783117 58.943127 12.623493
7 2 9 70.000000 39.112239 88.051003 21.690992 445.464085 31.303833 90.967871 9.165552 25.862375 29.835142 43.302045 943.654974
8 1 1 70.909091 38.972568 1.085644 88.192680 402.686881 172.818712 92.149266 NaN 417.604909 60.673051 74.718456 45.907812
8 1 2 66.363636 49.643000 179.592446 90.833836 378.294130 32.896535 0.000000 51.981665 141.131754 53.581653 65.938877 20.711539
8 1 3 66.373934 45.697325 24.984959 0.105421 373.377635 30.496389 86.242285 51.981807 164.614561 17.755268 68.057140 31.541725
8 1 4 63.636364 31.967555 173.146876 92.152920 378.491492 29.930621 0.000000 38.465403 141.893462 52.502636 67.734889 22.568541
8 1 5 74.545455 27.609860 183.025104 89.514255 367.721363 222.596426 0.000000 37.188257 28.461706 49.212257 61.399859 13.570287
8 1 6 78.181818 36.525534 18.727225 87.403841 361.886915 151.801162 0.000000 46.927982 25.832511 48.758243 65.139743 36.462691
8 1 7 67.272727 10.469710 13.719748 41.478660 369.690923 68.189371 87.423669 0.295931 26.484806 41.639942 64.011513 12.538236
8 1 8 68.181818 35.461173 27.466418 40.166687 382.197212 156.066500 88.605044 46.927882 178.699819 43.958523 73.435758 38.851602
8 1 9 65.501549 40.356185 11.574573 77.023170 352.526248 44.338990 84.358154 51.981807 26.016191 46.449247 60.386910 14.994547
8 1 10 70.000000 9.970176 16.026645 34.953063 351.325584 148.521557 0.000000 0.142797 42.628968 45.910549 63.460307 36.033289
8 1 11 70.909091 34.042295 349.802367 35.293592 333.566558 180.646382 0.000000 38.953569 24.279194 47.094311 54.370325 50.989898
8 1 12 76.363636 37.106006 10.632824 85.868291 356.270635 69.768862 99.237655 46.927945 25.714574 45.966991 66.306604 17.158111
8 1 13 62.216757 36.070032 1.852396 68.606071 436.047118 181.016891 80.335467 NaN 797.816701 32.121878 64.857234 42.175039
8 1 14 41.542876 11.137522 114.684056 73.277438 430.774260 180.570833 0.232152 0.380063 118.347686 44.214349 60.114688 30.656021
8 1 15 79.179654 43.187008 86.250784 69.438156 495.516407 22.396341 102.781850 46.930124 24.086481 33.395216 57.085683 1105.946879
8 1 16 67.272727 8.301228 87.564102 6.788384 291.992059 39.384752 87.423639 1.060953 32.655008 52.468778 31.238868 209.373268
8 1 17 14.812498 48.915063 87.976298 3.990029 397.513228 23.777017 68.129418 26.616695 25.333816 48.572722 45.099800 905.966117
8 1 18 60.909091 41.548979 90.008709 22.783939 438.199210 19.741867 0.000000 0.147900 27.682845 29.715343 50.901287 73.090830
8 1 19 64.545455 6.795877 115.417951 48.890909 448.501557 156.390328 83.879428 0.146009 118.738546 18.481670 67.564830 64.124235
8 1 20 62.727273 54.858882 144.337644 78.277765 421.457486 157.532236 0.000000 0.086509 123.079291 46.349641 60.630364 35.157168
8 2 1 68.181818 10.020996 121.807641 28.772636 362.085847 26.031857 88.605299 0.169893 116.002388 34.193493 54.013407 36.256534
8 2 2 74.545455 64.027410 158.017873 79.259333 399.431213 27.965365 0.000000 44.404046 130.415213 47.033591 58.433979 16.598262
8 2 3 75.454545 29.054917 144.553163 28.816124 399.324778 27.034278 98.056326 37.148506 130.513092 37.889213 60.574195 13.203963
8 2 4 70.909091 9.642688 135.369704 77.627123 408.562072 25.722163 92.149336 0.262588 132.248004 44.866474 62.069275 25.606598
8 2 5 89.365602 14.693049 323.755643 31.956862 325.459926 132.464767 114.165018 0.788978 28.021461 39.956397 47.790215 30.481853
8 2 6 83.636364 62.851408 42.932580 31.477302 358.418187 157.588708 0.000000 39.838951 27.157011 42.025609 55.271564 12.647872
8 2 7 63.636364 11.206759 125.861662 27.012826 353.696763 147.990940 0.000000 0.149753 107.262784 42.378808 51.935656 27.749590
8 2 8 76.363636 56.291874 150.148957 30.885421 364.778750 143.208765 99.237678 30.649732 112.512288 40.050419 61.578041 11.733827
8 2 9 70.909091 7.838247 134.909665 26.649730 335.763827 137.846565 92.149905 44.750660 99.552816 43.264025 48.337769 30.549863
8 2 10 70.000000 5.833998 91.220797 26.424472 322.854616 133.785767 0.000000 41.237507 77.805342 44.189254 50.223307 29.375884
8 2 11 69.090909 32.989899 128.296477 49.798789 314.291702 126.016690 89.786822 NaN 88.850247 34.436827 44.878865 27.989175
8 2 12 70.909091 7.218628 129.518444 26.509656 322.358890 127.794974 0.000000 0.119095 96.969442 43.835674 52.667064 33.116834
8 2 13 65.454545 9.362608 86.819575 24.214110 431.783430 65.274080 85.060874 0.290611 23.544840 32.823166 55.979022 24.886011
8 2 14 70.909091 34.665577 88.170661 21.386646 417.624941 164.983778 92.149292 39.443147 22.889632 31.771470 41.897224 47.711469
8 2 15 67.996823 27.777778 60.977630 20.027934 416.358814 11.934012 88.605250 36.098338 32.898969 29.514542 80.997080 516.710749
8 2 16 65.454545 36.641636 81.820828 29.244933 0.238614 53.064696 85.060843 46.928011 29.427807 17.810779 60.697403 19.754951
8 2 17 32.790779 33.595249 51.035922 40.775398 1.538242 19.014344 1.611191 NaN 34.729958 12.731326 33.210346 824.697775
8 2 18 67.272727 49.033785 90.849823 20.759116 445.743147 24.662206 0.000000 NaN 27.055337 29.063081 47.016683 422.757777
8 2 19 79.732517 37.391667 92.113409 22.105263 415.897890 112.589018 90.439648 46.927886 25.955253 33.644770 55.036141 50.816428
8 2 20 77.170272 30.064606 132.154281 25.342344 421.803254 175.962380 89.283712 38.986229 97.128020 33.976731 61.662002 32.789229
