1 1 1 98.212 1.200
1 1 2 299.423 1.200
1 1 3 99.006 1.200
1 1 4 810.811 1.200
1 1 5 1558.225 1.200
1 1 6 103.649 1.200
1 1 7 312.995 1.200
1 1 8 191.293 1.200
1 1 9 0.000 1.200
1 2 1 0.000 2.650
1 2 2 108.588 2.650
1 2 3 0.000 2.650
1 2 4 517.114 2.650
1 2 5 510.678 2.650
1 2 6 0.000 2.650
1 2 7 429.105 2.650
1 2 8 249.227 2.650
1 2 9 100.173 2.650
2 1 1 1494.942 1.200
2 1 2 1525.785 1.200
2 1 3 97.355 1.200
2 1 4 116.060 1.200
2 1 5 3288.604 1.200
2 1 6 2638.295 1.200
2 1 7 106.358 1.200
2 1 8 508.971 1.200
2 1 9 182.898 1.200
2 1 10 2388.355 1.200
2 1 11 246.848 1.200
2 1 12 133.270 1.200
2 1 13 102.313 1.200
2 1 14 0.000 1.200
2 1 15 119.180 1.200
2 1 16 0.000 1.200
2 1 17 0.000 1.200
2 1 18 0.000 1.200
2 1 19 0.000 1.200
2 1 20 106.746 1.200
2 2 1 633.757 2.650
2 2 2 1004.206 2.650
2 2 3 106.878 2.650
2 2 4 268.872 2.650
2 2 5 2160.226 2.650
2 2 6 1937.250 2.650
2 2 7 962.608 2.650
2 2 8 2098.241 2.650
2 2 9 377.407 2.650
2 2 10 398.763 2.650
2 2 11 430.035 2.650
2 2 12 433.221 2.650
2 2 13 97.749 2.650
2 2 14 0.000 2.650
2 2 15 89.594 2.650
2 2 16 0.000 2.650
2 2 17 100.073 2.650
2 2 18 0.000 2.650
2 2 19 0.000 2.650
2 2 20 99.924 2.650
3 1 1 630.205 1.200
3 1 2 603.060 1.200
3 1 3 269.408 1.200
3 1 4 2443.932 1.200
3 1 5 3579.764 1.200
3 1 6 213.731 1.200
3 1 7 2977.431 1.200
3 1 8 119.812 1.200
3 1 9 0.000 1.200
3 2 1 204.029 2.650
3 2 2 0.000 2.650
3 2 3 99.807 2.650
3 2 4 1093.518 2.650
3 2 5 911.356 2.650
3 2 6 205.731 2.650
3 2 7 1421.235 2.650
3 2 8 258.984 2.650
3 2 9 102.401 2.650
4 1 1 1555.912 1.200
4 1 2 185.808 1.200
4 1 3 560.270 1.200
4 1 4 2128.909 1.200
4 1 5 1667.981 1.200
4 1 6 342.652 1.200
4 1 7 108.433 1.200
4 1 8 515.484 1.200
4 1 9 292.116 1.200
4 1 10 103.227 1.200
4 1 11 0.000 1.200
4 1 12 103.300 1.200
4 1 13 0.000 1.200
4 1 14 0.000 1.200
4 1 15 0.000 1.200
4 1 16 97.644 1.200
4 1 17 0.000 1.200
4 1 18 0.000 1.200
4 1 19 908.401 1.200
4 1 20 0.000 1.200
4 2 1 99.407 2.650
4 2 2 205.060 2.650
4 2 3 130.604 2.650
4 2 4 192.507 2.650
4 2 5 316.534 2.650
4 2 6 132.335 2.650
4 2 7 775.247 2.650
4 2 8 775.569 2.650
4 2 9 252.515 2.650
4 2 10 373.469 2.650
4 2 11 150.248 2.650
4 2 12 753.097 2.650
4 2 13 86.651 2.650
4 2 14 0.000 2.650
4 2 15 0.000 2.650
4 2 16 166.174 2.650
4 2 17 0.000 2.650
4 2 18 0.000 2.650
4 2 19 98.872 2.650
4 2 20 106.451 2.650
5 1 1 169.703 1.200
5 1 2 418.260 1.200
5 1 3 421.241 1.200
5 1 4 1815.820 1.200
5 1 5 370.567 1.200
5 1 6 2322.610 1.200
5 1 7 1598.548 1.200
5 1 8 107.692 1.200
5 1 9 0.000 1.200
5 2 1 0.000 2.650
5 2 2 96.981 2.650
5 2 3 0.000 2.650
5 2 4 0.000 2.650
5 2 5 228.379 2.650
5 2 6 0.000 2.650
5 2 7 164.656 2.650
5 2 8 819.608 2.650
5 2 9 0.000 2.650
6 1 1 250.872 1.200
6 1 2 0.000 1.200
6 1 3 0.000 1.200
6 1 4 97.163 1.200
6 1 5 156.574 1.200
6 1 6 0.000 1.200
6 1 7 0.000 1.200
6 1 8 112.950 1.200
6 1 9 0.000 1.200
6 1 10 0.000 1.200
6 1 11 0.000 1.200
6 1 12 307.862 1.200
6 1 13 0.000 1.200
6 1 14 0.000 1.200
6 1 15 0.000 1.200
6 1 16 0.000 1.200
6 1 17 0.000 1.200
6 1 18 0.000 1.200
6 1 19 0.000 1.200
6 1 20 0.000 1.200
6 2 1 0.000 2.650
6 2 2 0.000 2.650
6 2 3 0.000 2.650
6 2 4 0.000 2.650
6 2 5 107.656 2.650
6 2 6 0.000 2.650
6 2 7 0.000 2.650
6 2 8 148.542 2.650
6 2 9 110.188 2.650
6 2 10 0.000 2.650
6 2 11 285.265 2.650
6 2 12 128.444 2.650
6 2 13 97.069 2.650
6 2 14 0.000 2.650
6 2 15 0.000 2.650
6 2 16 0.000 2.650
6 2 17 0.000 2.650
6 2 18 0.000 2.650
6 2 19 0.000 2.650
6 2 20 106.720 2.650
7 1 1 106.187 1.200
7 1 2 589.824 1.200
7 1 3 232.103 1.200
7 1 4 428.964 1.200
7 1 5 2636.912 1.200
7 1 6 130.595 1.200
7 1 7 568.186 1.200
7 1 8 185.824 1.200
7 1 9 0.000 1.200
7 2 1 0.000 2.650
7 2 2 176.326 2.650
7 2 3 0.000 2.650
7 2 4 95.057 2.650
7 2 5 473.720 2.650
7 2 6 91.626 2.650
7 2 7 791.786 2.650
7 2 8 1696.049 2.650
7 2 9 97.337 2.650
8 1 1 2371.166 1.200
8 1 2 2506.117 1.200
8 1 3 205.389 1.200
8 1 4 98.118 1.200
8 1 5 3192.513 1.200
8 1 6 309.399 1.200
8 1 7 243.070 1.200
8 1 8 109.380 1.200
8 1 9 261.386 1.200
8 1 10 96.222 1.200
8 1 11 144.454 1.200
8 1 12 103.248 1.200
8 1 13 0.000 1.200
8 1 14 0.000 1.200
8 1 15 0.000 1.200
8 1 16 0.000 1.200
8 1 17 0.000 1.200
8 1 18 0.000 1.200
8 1 19 0.000 1.200
8 1 20 0.000 1.200
8 2 1 135.636 2.650
8 2 2 175.177 2.650
8 2 3 208.136 2.650
8 2 4 100.639 2.650
8 2 5 1026.175 2.650
8 2 6 1503.815 2.650
8 2 7 132.348 2.650
8 2 8 122.338 2.650
8 2 9 1892.340 2.650
8 2 10 353.257 2.650
8 2 11 1339.101 2.650
8 2 12 128.696 2.650
8 2 13 209.128 2.650
8 2 14 0.003 2.650
8 2 15 0.000 2.650
8 2 16 0.000 2.650
8 2 17 99.009 2.650
8 2 18 0.000 2.650
8 2 19 0.000 2.650
8 2 20 100.916 2.650
