#
# File generated automatically by FTHodo Calib at  03-20-2018_03.41.47_PM
#
FADC250_CRATE adcft3
FADC250_SLOT 3
FADC250_ALLCH_PED 164.665 149.344 192.100 169.272 210.952 239.433 208.839 500.000 500.000 197.377 173.496 171.213 192.367 176.631 195.675 186.170
FADC250_SLOT 4
FADC250_ALLCH_PED 198.403 274.475 367.365 173.676 202.874 216.823 194.856 207.367 192.113 168.964 221.972 200.581 500.000 201.463 178.455 221.290
FADC250_SLOT 5
FADC250_ALLCH_PED 208.514 188.285 224.355 194.468 101.750 210.382 221.696 89.375 196.167 223.655 224.435 217.247 205.830 500.000 500.000 208.931
FADC250_SLOT 6
FADC250_ALLCH_PED 190.668 200.744 185.418 181.411 138.347 203.665 197.307 186.720 219.764 212.535 214.247 207.888 168.070 222.732 500.000 500.000
FADC250_SLOT 7
FADC250_ALLCH_PED 500.000 500.000 500.000 202.989 206.573 212.562 500.000 210.556 216.384 500.000 230.913 223.940 206.009 500.000 500.000 220.128
FADC250_SLOT 8
FADC250_ALLCH_PED 500.000 500.000 172.088 500.000 500.000 202.133 500.000 199.041 212.400 212.251 206.610 210.699 500.000 199.151 227.006 192.226
FADC250_SLOT 9
FADC250_ALLCH_PED 500.000 500.000 500.000 500.000 500.000 500.000 500.000 500.000 208.810 500.000 500.000 500.000 172.141 500.000 177.600 500.000
FADC250_SLOT 10
FADC250_ALLCH_PED 500.000 500.000 500.000 500.000 203.379 500.000 210.704 500.000 500.000 500.000 500.000 500.000 500.000 201.649 187.315 500.000
FADC250_SLOT 13
FADC250_ALLCH_PED 500.000 500.000 500.000 500.000 500.000 208.860 229.075 500.000 240.330 203.922 179.787 500.000 500.000 500.000 211.006 500.000
FADC250_SLOT 14
FADC250_ALLCH_PED 500.000 500.000 203.851 500.000 500.000 200.290 223.827 500.000 500.000 202.198 178.978 206.390 500.000 239.774 231.456 500.000
FADC250_SLOT 15
FADC250_ALLCH_PED 214.237 194.207 185.178 500.000 500.000 207.405 223.139 206.958 204.065 202.123 179.722 500.000 500.000 206.431 500.000 500.000
FADC250_SLOT 16
FADC250_ALLCH_PED 176.888 199.659 211.058 178.488 199.509 201.061 196.305 194.496 221.636 198.141 152.394 207.578 500.000 206.131 175.533 152.527
FADC250_SLOT 17
FADC250_ALLCH_PED 207.771 222.468 193.663 178.094 204.583 180.685 194.049 172.866 212.263 181.862 212.447 500.000 178.954 200.409 500.000 203.285
FADC250_SLOT 18
FADC250_ALLCH_PED 213.712 198.915 193.834 187.275 193.808 187.447 208.300 209.686 224.854 211.108 188.824 243.268 198.685 182.177 194.720 201.535
FADC250_SLOT 19
FADC250_ALLCH_PED 500.000 195.048 500.000 220.643 238.228 500.000 212.032 500.000 500.000 185.883 500.000 191.156 203.805 500.000 161.273 500.000
FADC250_CRATE end
