72 5 7 89.375000 10 50 223 940 400
72 5 4 101.750000 10 50 250 940 400
72 5 6 221.696425 10 50 192 940 400
72 6 4 138.346566 10 50 201 940 400
72 3 1 149.344453 10 50 0 940 400
72 4 5 216.823236 10 50 192 940 400
72 6 6 197.306671 10 50 244 940 400
72 8 2 172.087641 10 50 260 940 400
72 8 4 200.000000 10 50 0 940 400
72 5 13 200.000000 10 50 0 940 400
72 5 12 205.830379 10 50 222 940 400
72 5 14 200.000000 10 50 0 940 400
72 6 9 212.534991 10 50 201 940 400
72 3 15 186.170105 10 50 247 940 400
72 4 12 200.000000 10 50 0 940 400
72 6 11 207.887842 10 50 0 940 400
72 8 10 206.610090 10 50 244 940 400
72 8 8 212.399610 10 50 193 940 400
72 3 0 164.665069 10 50 244 940 400
72 4 6 194.856421 10 50 238 940 400
72 17 0 207.771448 10 50 205 940 400
72 19 1 195.047518 10 50 230 940 400
72 4 7 207.366594 10 50 0 940 400
72 6 7 186.719857 10 50 232 940 400
72 16 0 176.887887 10 50 222 940 400
72 17 1 222.467857 10 50 224 940 400
72 5 5 210.382223 10 50 222 940 400
72 7 7 210.555996 10 50 0 940 400
72 15 0 214.237051 10 50 255 940 400
72 16 1 199.658969 10 50 273 940 400
72 8 7 199.040933 10 50 189 940 400
72 8 6 200.000000 10 50 0 940 400
72 7 5 212.562225 10 50 269 940 400
72 7 6 200.000000 10 50 0 940 400
72 14 3 200.000000 10 50 0 940 400
72 14 4 200.000000 10 50 0 940 400
72 14 7 200.000000 10 50 0 940 400
72 14 6 223.827465 10 50 194 940 400
72 3 14 195.675403 10 50 0 940 400
72 4 15 221.289903 10 50 196 940 400
72 17 8 212.262812 10 50 190 940 400
72 19 9 185.882930 10 50 245 940 400
72 4 14 178.455468 10 50 235 940 400
72 6 8 219.764218 10 50 0 940 400
72 16 9 198.140630 10 50 0 940 400
72 18 14 194.720062 10 50 0 940 400
72 5 15 208.930785 10 50 0 940 400
72 7 10 230.913342 10 50 0 940 400
72 15 8 204.064548 10 50 252 940 400
72 16 8 221.635931 10 50 0 940 400
72 8 11 210.698508 10 50 196 940 400
72 8 12 200.000000 10 50 0 940 400
72 7 8 216.384015 10 50 194 940 400
72 7 9 200.000000 10 50 0 940 400
72 14 9 202.197978 10 50 185 940 400
72 14 8 200.000000 10 50 0 940 400
72 14 12 200.000000 10 50 0 940 400
72 14 11 206.390274 10 50 200 940 400
72 17 4 204.582842 10 50 204 940 400
72 17 2 193.663124 10 50 0 940 400
72 17 3 178.094262 10 50 252 940 400
72 16 3 178.488009 10 50 0 940 400
72 15 1 194.206555 10 50 0 940 400
72 16 2 211.058156 10 50 244 940 400
72 18 6 208.299988 10 50 201 940 400
72 13 5 208.859652 10 50 198 940 400
72 13 7 200.000000 10 50 0 940 400
72 17 10 212.446741 10 50 229 940 400
72 17 11 200.000000 10 50 0 940 400
72 17 9 181.861567 10 50 190 940 400
72 16 10 152.394337 10 50 0 940 400
72 15 9 202.123280 10 50 0 940 400
72 16 11 207.577729 10 50 251 940 400
72 18 15 201.534697 10 50 221 940 400
72 13 8 240.329837 10 50 237 940 400
72 13 10 179.787287 10 50 225 940 400
72 19 3 220.643450 10 50 224 940 400
72 18 2 193.833732 10 50 265 940 400
72 19 4 238.228083 10 50 224 940 400
72 17 5 180.684949 10 50 204 940 400
72 18 5 187.446852 10 50 221 940 400
72 17 6 194.049010 10 50 247 940 400
72 18 4 193.808251 10 50 227 940 400
72 16 4 199.508539 10 50 212 940 400
72 14 2 203.851266 10 50 249 940 400
72 14 5 200.289650 10 50 206 940 400
72 18 7 209.686347 10 50 203 940 400
72 15 2 185.177850 10 50 194 940 400
72 13 6 229.074552 10 50 0 940 400
72 10 3 200.000000 10 50 0 940 400
72 10 2 200.000000 10 50 0 940 400
72 10 4 203.378990 10 50 236 940 400
72 10 5 200.000000 10 50 0 940 400
72 10 7 200.000000 10 50 0 940 400
72 10 6 210.704155 10 50 215 940 400
72 14 1 200.000000 10 50 0 940 400
72 19 11 191.156430 10 50 163 940 400
72 18 11 243.268092 10 50 253 940 400
72 19 12 203.805415 10 50 269 940 400
72 17 13 200.408509 10 50 202 940 400
72 18 12 198.684693 10 50 252 940 400
72 17 12 178.954185 10 50 268 940 400
72 18 10 188.823764 10 50 247 940 400
72 16 13 206.130816 10 50 198 940 400
72 14 10 178.978133 10 50 238 940 400
72 14 13 239.773545 10 50 249 940 400
72 18 13 182.176768 10 50 261 940 400
72 15 10 179.721879 10 50 241 940 400
72 13 9 203.921645 10 50 193 940 400
72 10 11 200.000000 10 50 0 940 400
72 10 10 200.000000 10 50 0 940 400
72 10 13 201.648537 10 50 214 940 400
72 10 12 200.000000 10 50 0 940 400
72 10 15 200.000000 10 50 0 940 400
72 10 14 187.314919 10 50 0 940 400
72 14 14 231.456164 10 50 187 940 400
72 15 6 223.139049 10 50 259 940 400
72 4 0 198.402831 10 50 224 940 400
72 15 7 206.958383 10 50 0 940 400
72 17 7 172.866047 10 50 0 940 400
72 16 6 196.305460 10 50 252 940 400
72 16 5 201.061133 10 50 221 940 400
72 16 7 194.496121 10 50 224 940 400
72 15 5 207.404791 10 50 224 940 400
72 14 0 200.000000 10 50 0 940 400
72 15 14 200.000000 10 50 0 940 400
72 4 9 168.964057 10 50 202 940 400
72 15 15 200.000000 10 50 0 940 400
72 17 14 200.000000 10 50 0 940 400
72 16 15 152.527233 10 50 251 940 400
72 16 12 200.000000 10 50 0 940 400
72 16 14 175.533262 10 50 258 940 400
72 15 13 206.431488 10 50 247 940 400
72 14 15 200.000000 10 50 0 940 400
72 3 6 208.839469 10 50 190 940 400
72 13 3 200.000000 10 50 0 940 400
72 9 7 200.000000 10 50 0 940 400
72 18 1 198.914818 10 50 188 940 400
72 18 0 213.711974 10 50 218 940 400
72 13 4 200.000000 10 50 0 940 400
72 9 2 200.000000 10 50 0 940 400
72 4 1 274.474798 10 50 227 940 400
72 3 7 200.000000 10 50 0 940 400
72 13 2 200.000000 10 50 0 940 400
72 7 0 200.000000 10 50 0 940 400
72 19 6 212.032053 10 50 0 940 400
72 13 0 200.000000 10 50 0 940 400
72 13 1 200.000000 10 50 0 940 400
72 15 4 200.000000 10 50 0 940 400
72 15 3 200.000000 10 50 0 940 400
72 7 1 200.000000 10 50 0 940 400
72 7 2 200.000000 10 50 0 940 400
72 9 4 200.000000 10 50 0 940 400
72 9 3 200.000000 10 50 0 940 400
72 3 8 200.000000 10 50 0 940 400
72 13 15 200.000000 10 50 0 940 400
72 9 15 200.000000 10 50 0 940 400
72 18 8 224.853562 10 50 0 940 400
72 17 15 203.284858 10 50 189 940 400
72 13 12 200.000000 10 50 0 940 400
72 9 10 200.000000 10 50 0 940 400
72 4 8 192.113296 10 50 265 940 400
72 3 9 197.377452 10 50 199 940 400
72 13 11 200.000000 10 50 0 940 400
72 7 15 220.127826 10 50 0 940 400
72 19 14 161.272969 10 50 246 940 400
72 13 14 211.006476 10 50 194 940 400
72 13 13 200.000000 10 50 0 940 400
72 15 11 200.000000 10 50 0 940 400
72 15 12 200.000000 10 50 0 940 400
72 7 13 200.000000 10 50 0 940 400
72 7 14 200.000000 10 50 0 940 400
72 9 13 200.000000 10 50 0 940 400
72 9 14 177.600039 10 50 186 940 400
72 6 2 185.417794 10 50 191 940 400
72 5 2 224.354778 10 50 0 940 400
72 6 1 200.744350 10 50 232 940 400
72 5 0 208.514240 10 50 207 940 400
72 6 0 190.667590 10 50 204 940 400
72 18 3 187.275383 10 50 179 940 400
72 5 1 188.285257 10 50 215 940 400
72 7 3 202.989498 10 50 263 940 400
72 8 1 200.000000 10 50 0 940 400
72 6 15 200.000000 10 50 0 940 400
72 5 11 217.247270 10 50 0 940 400
72 6 14 200.000000 10 50 0 940 400
72 5 9 223.655179 10 50 190 940 400
72 6 13 222.732393 10 50 227 940 400
72 18 9 211.108146 10 50 202 940 400
72 5 8 196.166520 10 50 0 940 400
72 7 12 206.009401 10 50 247 940 400
72 8 13 199.150558 10 50 193 940 400
72 5 3 194.468338 10 50 224 940 400
72 3 4 210.952098 10 50 210 940 400
72 3 5 239.433052 10 50 259 940 400
72 3 3 169.272125 10 50 190 940 400
72 6 3 181.410863 10 50 204 940 400
72 4 3 173.676482 10 50 245 940 400
72 4 2 367.364628 10 50 226 940 400
72 3 2 192.100305 10 50 227 940 400
72 6 5 203.665466 10 50 249 940 400
72 4 4 202.873956 10 50 198 940 400
72 8 5 202.132842 10 50 178 940 400
72 7 4 206.572511 10 50 233 940 400
72 8 0 200.000000 10 50 0 940 400
72 9 5 200.000000 10 50 0 940 400
72 9 6 200.000000 10 50 0 940 400
72 9 0 200.000000 10 50 0 940 400
72 9 1 200.000000 10 50 0 940 400
72 10 1 200.000000 10 50 0 940 400
72 10 0 200.000000 10 50 0 940 400
72 8 3 200.000000 10 50 0 940 400
72 5 10 224.435003 10 50 203 940 400
72 3 10 173.496331 10 50 258 940 400
72 3 11 171.212674 10 50 255 940 400
72 3 13 176.630894 10 50 190 940 400
72 6 10 214.246751 10 50 252 940 400
72 4 10 221.972215 10 50 232 940 400
72 4 11 200.581135 10 50 270 940 400
72 3 12 192.367125 10 50 267 940 400
72 6 12 168.069901 10 50 212 940 400
72 4 13 201.462839 10 50 249 940 400
72 8 15 192.225842 10 50 207 940 400
72 7 11 223.939682 10 50 181 940 400
72 8 14 227.005602 10 50 256 940 400
72 9 12 172.141300 10 50 202 940 400
72 9 11 200.000000 10 50 0 940 400
72 9 9 200.000000 10 50 0 940 400
72 9 8 208.809570 10 50 194 940 400
72 10 8 200.000000 10 50 0 940 400
72 10 9 200.000000 10 50 0 940 400
72 8 9 212.250856 10 50 189 940 400
