1 1 1 89.113038 43.670771 98.211517 45.946784 0.000000 0.000000 116.958597 57.035394 13.085707 4.488249 1000.000000 1000.000000
1 1 2 89.385803 48.868329 299.423193 135.967721 298.656223 135.542352 116.958674 62.824835 66.369726 30.103309 66.400237 30.318213
1 1 3 87.873866 37.623463 99.006236 44.393615 0.000000 0.000000 114.595771 51.981599 17.912020 4.969423 1000.000000 1000.000000
1 1 4 0.000000 39.389170 810.811226 344.488757 810.824100 344.495793 20.000000 51.279778 1000.000000 40.853859 1000.000000 40.838776
1 1 5 0.000000 0.000000 1558.225217 666.821709 1558.238940 666.828743 20.000000 10.000000 1000.000000 1000.000000 1000.000000 1000.000000
1 1 6 92.240955 37.630525 103.648992 44.446098 0.000000 0.000000 120.502762 51.981594 14.638239 4.795719 1000.000000 1000.000000
1 1 7 93.966286 47.779933 312.994573 137.232648 312.991027 137.231356 122.865692 62.840086 67.008839 29.530456 67.005479 29.529211
1 1 8 97.188499 50.914977 191.292919 80.690920 191.292123 80.690040 128.772904 62.811132 41.940973 16.727015 41.940306 16.726685
1 1 9 0.000000 0.000000 0.000000 0.000000 0.000000 0.000000 20.000000 10.000000 1000.000000 1000.000000 1000.000000 1000.000000
1 2 1 0.000000 0.000000 0.000000 0.000000 0.000000 0.000000 20.000000 10.000000 1000.000000 1000.000000 1000.000000 1000.000000
1 2 2 95.671283 43.399154 108.587780 47.772232 108.590774 47.772946 125.228361 57.035353 14.316582 4.813887 14.318551 4.814343
1 2 3 0.000000 0.000000 0.000000 0.000000 0.000000 0.000000 20.000000 10.000000 1000.000000 1000.000000 1000.000000 1000.000000
1 2 4 91.710488 39.386763 517.113788 226.718080 517.137227 226.719172 119.325004 51.281120 65.892320 29.377287 65.824364 29.367905
1 2 5 0.000000 48.278046 510.678315 216.349802 510.678714 216.357130 20.000000 62.827540 1000.000000 27.240218 1000.000000 27.219189
1 2 6 0.000000 0.000000 0.000000 0.000000 0.000000 0.000000 20.000000 10.000000 1000.000000 1000.000000 1000.000000 1000.000000
1 2 7 0.000000 0.000000 429.105034 182.245983 429.131934 182.255731 20.000000 10.000000 1000.000000 1000.000000 1000.000000 1000.000000
1 2 8 89.892300 47.688638 249.226729 104.202166 249.109135 104.201365 116.962280 62.814266 45.335055 19.635535 45.622488 19.624297
1 2 9 95.809052 37.739849 100.173103 10.496731 0.000000 0.000000 125.228485 51.981813 38.668423 20.491837 1000.000000 1000.000000
2 1 1 0.000000 47.722491 1494.941561 646.378482 1494.933646 646.375964 20.000000 62.105765 1000.000000 55.463271 1000.000000 55.461220
2 1 2 98.983207 46.611382 1525.784637 662.294341 1525.784637 662.294337 128.775933 60.662228 134.357167 60.398793 134.357167 60.398789
2 1 3 92.978367 40.101910 97.355125 79.702942 0.108639 42.625002 121.684182 51.981593 11.892191 2.534234 26.152851 3.787632
2 1 4 94.372061 44.978739 116.059982 50.168829 116.059399 50.168769 122.865561 57.035349 19.409762 6.545893 19.409126 6.545815
2 1 5 0.000000 0.000000 3288.603647 1427.128943 3288.602863 1427.129031 20.000000 10.000000 1000.000000 1000.000000 1000.000000 1000.000000
2 1 6 0.000000 45.500263 2638.295437 1153.304505 2638.295638 1153.304466 20.000000 59.218728 1000.000000 69.590023 1000.000000 69.589319
2 1 7 97.042967 43.427996 106.358117 47.127275 106.353053 47.122146 126.409781 57.035378 18.725170 5.681166 18.718007 5.676553
2 1 8 98.983207 43.833608 508.971259 217.474154 508.979125 217.476610 128.775933 57.053472 77.559474 33.795902 77.543130 33.790953
2 1 9 89.114165 43.419618 182.897594 82.809921 182.915906 82.862415 116.958576 57.035381 48.732070 19.059056 48.897431 20.238627
2 1 10 0.000000 0.000000 2388.354702 1044.309935 2388.367633 1044.313007 20.000000 10.000000 1000.000000 1000.000000 1000.000000 1000.000000
2 1 11 92.560686 49.907775 246.848061 104.608937 246.847768 104.608608 120.502954 62.811571 54.206793 22.079988 54.206588 22.079793
2 1 12 91.818182 53.445624 133.269879 57.267967 133.248559 56.984974 119.321364 62.811086 32.561479 11.220523 32.503667 10.782115
2 1 13 91.036944 37.095026 102.312853 43.635663 0.000000 0.000000 119.321387 51.981770 12.487501 3.203882 1000.000000 1000.000000
2 1 14 0.000000 0.000000 0.000000 0.000000 0.000000 0.000000 20.000000 10.000000 1000.000000 1000.000000 1000.000000 1000.000000
2 1 15 93.304851 52.702679 119.179775 52.258779 112.748435 49.622997 121.684160 62.811084 20.509315 7.511298 15.528712 6.730400
2 1 16 0.000000 0.000000 0.000000 0.000000 0.000000 0.000000 20.000000 10.000000 1000.000000 1000.000000 1000.000000 1000.000000
2 1 17 0.000000 0.000000 0.000000 0.000000 0.000000 0.000000 20.000000 10.000000 1000.000000 1000.000000 1000.000000 1000.000000
2 1 18 0.000000 0.000000 0.000000 0.000000 0.000000 0.000000 20.000000 10.000000 1000.000000 1000.000000 1000.000000 1000.000000
2 1 19 0.000000 0.000000 0.000000 0.000000 0.000000 0.000000 20.000000 10.000000 1000.000000 1000.000000 1000.000000 1000.000000
2 1 20 93.819949 37.966642 106.746257 45.199231 105.408391 45.049486 121.684171 51.981606 19.351657 4.885816 18.642892 4.755054
2 2 1 0.000000 0.000000 633.756526 270.521445 633.756122 270.518950 20.000000 10.000000 1000.000000 1000.000000 1000.000000 1000.000000
2 2 2 92.619578 38.355259 1004.206361 436.642178 1004.217139 436.647981 120.506368 54.881277 106.619706 48.076058 106.610099 48.070599
2 2 3 96.278999 37.289944 106.878431 44.468786 106.506994 44.391601 125.228359 51.981591 13.318362 4.033608 12.398426 7.778377
2 2 4 0.000000 47.945465 268.871813 112.370201 268.766963 112.287748 20.000000 62.822088 1000.000000 19.084345 1000.000000 19.064610
2 2 5 97.165027 46.055827 2160.226217 957.084347 2160.226220 957.084359 126.413197 59.940466 110.901327 51.521353 110.901335 51.521348
2 2 6 0.000000 0.000000 1937.250396 852.257892 1937.251500 852.259627 20.000000 10.000000 1000.000000 1000.000000 1000.000000 1000.000000
2 2 7 0.000000 0.000000 962.607852 422.289559 962.937739 422.658378 20.000000 10.000000 1000.000000 1000.000000 1000.000000 1000.000000
2 2 8 0.000000 0.000000 2098.240534 908.970258 2098.241189 908.971431 20.000000 10.000000 1000.000000 1000.000000 1000.000000 1000.000000
2 2 9 0.000000 0.000000 377.406811 167.041791 377.413932 167.040823 20.000000 10.000000 1000.000000 1000.000000 1000.000000 1000.000000
2 2 10 0.000000 0.000000 398.762643 194.012868 398.761573 194.012145 20.000000 10.000000 1000.000000 1000.000000 1000.000000 1000.000000
2 2 11 0.000000 49.389156 430.034850 179.259727 430.029810 179.256520 20.000000 64.271104 1000.000000 25.586710 1000.000000 25.589095
2 2 12 0.000000 0.000000 433.221364 183.436616 433.471085 183.512191 20.000000 10.000000 1000.000000 1000.000000 1000.000000 1000.000000
2 2 13 89.344558 38.444045 97.749209 41.584839 0.000000 0.000000 116.958607 51.981831 8.407844 3.144362 1000.000000 1000.000000
2 2 14 0.000000 0.000000 0.000000 0.000000 0.000000 0.000000 20.000000 10.000000 1000.000000 1000.000000 1000.000000 1000.000000
2 2 15 89.362980 37.902710 89.593926 0.000018 87.975002 43.047528 116.958741 51.981961 12.540532 246.105671 283.227403 3.689673
2 2 16 0.000000 0.000000 0.000000 0.000000 0.000000 0.000000 20.000000 10.000000 1000.000000 1000.000000 1000.000000 1000.000000
2 2 17 86.124691 36.153567 100.072669 44.511611 0.000000 0.000000 113.414380 51.981782 15.359977 4.811067 1000.000000 1000.000000
2 2 18 0.000000 0.000000 0.000000 0.000000 0.000000 0.000000 20.000000 10.000000 1000.000000 1000.000000 1000.000000 1000.000000
2 2 19 0.000000 0.000000 0.000000 0.000000 0.000000 0.000000 20.000000 10.000000 1000.000000 1000.000000 1000.000000 1000.000000
2 2 20 87.788741 39.233788 99.923720 41.870359 97.051189 41.661923 114.595765 51.981595 11.195259 3.616046 7.921767 3.556226
3 1 1 83.528682 39.944725 630.204913 273.867738 635.135753 275.890651 108.692764 52.001465 85.679170 38.168741 87.325263 36.865274
3 1 2 0.000000 0.000000 603.060393 258.154896 0.000000 0.000000 20.000000 10.000000 1000.000000 1000.000000 1000.000000 1000.000000
3 1 3 92.704174 49.328468 269.407529 114.278441 266.966439 113.660764 121.689240 62.812838 56.176227 23.898766 56.816694 23.921688
3 1 4 0.000000 0.000000 2443.932017 1057.223961 2443.934676 1057.224968 20.000000 10.000000 1000.000000 1000.000000 1000.000000 1000.000000
3 1 5 0.000000 0.000000 3579.763931 1551.478307 3579.764127 1551.478357 20.000000 10.000000 1000.000000 1000.000000 1000.000000 1000.000000
3 1 6 95.345536 47.742156 213.730895 91.409088 213.734580 91.409789 124.047002 62.811218 48.191342 19.599407 48.193669 19.599895
3 1 7 88.074129 39.389170 2977.430966 1281.497767 2977.444579 1281.500215 114.599556 51.279778 146.447398 66.263013 146.424910 66.259406
3 1 8 95.114064 38.786186 119.812366 48.435920 119.814684 48.436600 124.046959 51.981584 21.401836 6.544642 21.400417 6.544889
3 1 9 0.000000 0.000000 0.000000 0.000000 0.000000 0.000000 20.000000 10.000000 1000.000000 1000.000000 1000.000000 1000.000000
3 2 1 97.625043 44.822476 204.029299 76.870874 98.996333 152.889187 127.591218 57.035493 45.212654 14.845587 6.533570 57.029275
3 2 2 0.000000 0.000000 0.000000 0.000000 0.000000 0.000000 20.000000 10.000000 1000.000000 1000.000000 1000.000000 1000.000000
3 2 3 89.338600 37.228623 99.806676 49.344859 99.803814 42.888923 116.958602 51.981672 10.105446 1.684522 10.102742 2.860109
3 2 4 0.000000 0.000000 1093.518180 465.169496 1093.524107 465.172739 20.000000 10.000000 1000.000000 1000.000000 1000.000000 1000.000000
3 2 5 0.000000 0.000000 911.355627 383.172261 911.353789 383.174234 20.000000 10.000000 1000.000000 1000.000000 1000.000000 1000.000000
3 2 6 97.543833 49.054734 205.731211 86.204068 205.724853 86.202283 128.784874 62.811770 35.508867 15.195120 35.510998 15.196730
3 2 7 0.000000 43.278053 1421.234938 608.985875 1421.249571 608.996382 20.000000 56.331738 1000.000000 43.108779 1000.000000 43.088970
3 2 8 92.619578 46.394583 258.983598 108.313503 258.943447 108.270624 120.506368 62.818872 44.459220 18.975867 44.534468 19.108154
3 2 9 96.272212 44.149826 102.401371 43.597232 0.000000 0.000000 128.772608 57.035432 10.953951 2.680354 1000.000000 1000.000000
4 1 1 0.000000 43.833608 1555.911831 682.656458 1555.685730 682.730672 20.000000 57.053472 1000.000000 50.988449 1000.000000 50.265426
4 1 2 94.762993 51.788649 185.808472 80.788149 185.800371 80.784018 122.865567 62.811152 43.040943 16.979945 43.041858 16.979610
4 1 3 0.000000 43.833608 560.269780 237.434552 560.219346 237.424314 20.000000 57.053472 1000.000000 34.303634 1000.000000 34.231071
4 1 4 84.437771 39.942317 2128.908676 937.698667 2133.550991 939.556798 109.874121 52.002788 133.625503 61.267721 128.280519 60.666609
4 1 5 0.000000 43.278053 1667.981272 721.625237 1667.998694 721.628164 20.000000 56.331738 1000.000000 60.773193 1000.000000 60.765009
4 1 6 96.256103 48.282261 342.651700 149.346765 342.447397 149.265336 125.230089 59.936152 69.140903 30.918869 69.137177 30.870730
4 1 7 91.976896 44.535379 108.432950 48.414319 108.428061 48.594460 120.502759 57.035363 20.145010 6.966254 20.138999 7.097427
4 1 8 0.000000 41.611389 515.484073 221.667082 515.482734 221.666873 20.000000 54.166571 1000.000000 33.583599 1000.000000 33.583428
4 1 9 86.950570 48.739503 292.115612 122.771384 292.123350 122.775440 114.596313 62.811856 64.047860 27.599634 64.049611 27.601057
4 1 10 90.496331 40.372900 103.227494 49.946313 103.222544 42.761838 118.139967 51.981588 14.326321 11.362166 14.321057 3.975808
4 1 11 85.592742 39.689057 0.000001 0.000014 0.184771 1.306692 111.051785 53.425808 481.283067 434.463392 54.956544 43.898486
4 1 12 88.538640 38.094253 103.300241 44.298455 103.293547 44.296043 115.777164 51.981591 17.473831 4.814225 17.470865 4.812865
4 1 13 0.000000 0.000000 0.000033 44.896262 0.000000 0.000000 20.000000 10.000000 1000.000000 1000.000000 1000.000000 1000.000000
4 1 14 0.000000 0.000000 0.000000 0.000000 0.000000 0.000000 20.000000 10.000000 1000.000000 1000.000000 1000.000000 1000.000000
4 1 15 0.000000 0.000000 0.000000 0.000000 0.000000 0.000000 20.000000 10.000000 1000.000000 1000.000000 1000.000000 1000.000000
4 1 16 92.539568 46.111111 97.643662 46.101959 98.616578 45.990699 121.684326 59.923348 38.155395 8.148188 38.416871 7.708028
4 1 17 0.000000 0.000000 0.000000 0.000000 0.000000 0.000000 20.000000 10.000000 1000.000000 1000.000000 1000.000000 1000.000000
4 1 18 0.000000 0.000000 0.000000 0.000000 0.000000 0.000000 20.000000 10.000000 1000.000000 1000.000000 1000.000000 1000.000000
4 1 19 0.000000 42.016540 908.400619 57.265101 0.000000 0.000000 20.000000 54.869604 1000.000000 54.861661 1000.000000 1000.000000
4 1 20 0.000000 0.000000 0.000000 0.000000 0.000000 0.000000 20.000000 10.000000 1000.000000 1000.000000 1000.000000 1000.000000
4 2 1 91.573298 31.864772 99.407496 41.773798 99.407456 41.773852 119.321361 46.927827 11.596738 3.772723 11.596783 3.772753
4 2 2 95.286670 49.575354 205.059539 89.122120 205.056916 89.127957 125.228409 62.811347 41.147740 19.315591 41.184637 19.308845
4 2 3 97.203917 52.624046 130.604061 55.237735 130.604013 55.237849 127.591166 62.811094 20.837017 7.678917 20.836898 7.678964
4 2 4 92.555766 39.480097 192.506981 15.411720 100.085670 42.056194 120.502794 51.981723 19.539610 7.354216 8.576490 3.043991
4 2 5 97.165027 49.386741 316.533955 135.141358 316.535538 135.154045 126.413197 64.263598 53.416191 23.236708 53.415160 23.196195
4 2 6 95.214006 52.418945 132.335449 55.780180 132.334414 55.779775 124.046960 62.811101 23.089292 9.471018 23.088611 9.470735
4 2 7 0.000000 48.278046 775.246622 341.841537 775.026813 341.760689 20.000000 62.827540 1000.000000 36.045911 1000.000000 35.868699
4 2 8 88.983219 38.833616 775.569179 328.676703 775.570855 328.674787 115.780917 50.558099 73.006379 32.155776 72.974767 32.148362
4 2 9 97.852333 46.570787 252.515262 107.219767 252.516743 107.219857 127.592460 62.814154 48.118790 20.934532 48.111169 20.932336
4 2 10 0.000000 48.833601 373.469000 157.336922 374.346183 157.751487 20.000000 63.549320 1000.000000 24.436455 1000.000000 24.437533
4 2 11 96.507308 51.050581 150.247973 65.946140 144.470618 61.359578 126.409768 62.811099 29.629714 12.088045 37.187233 16.670253
4 2 12 0.000000 47.166937 753.096566 316.952624 751.024482 316.341678 20.000000 61.383994 1000.000000 32.490754 1000.000000 32.221643
4 2 13 94.154645 37.736837 86.651390 0.000006 0.000000 0.000000 122.865634 51.982217 46.578369 45.020757 1000.000000 1000.000000
4 2 14 0.000000 0.000000 0.000000 0.000000 0.000000 0.000000 20.000000 10.000000 1000.000000 1000.000000 1000.000000 1000.000000
4 2 15 0.000000 0.000000 0.000000 0.000000 0.000000 0.000000 20.000000 10.000000 1000.000000 1000.000000 1000.000000 1000.000000
4 2 16 96.772455 41.875067 166.173845 71.235895 164.462158 70.658928 128.772886 57.035367 34.719920 13.140191 40.725700 14.992030
4 2 17 0.000000 0.000000 0.000000 0.000000 0.000000 0.000000 20.000000 10.000000 1000.000000 1000.000000 1000.000000 1000.000000
4 2 18 0.000000 0.000000 0.000000 0.000000 0.000000 0.000000 20.000000 10.000000 1000.000000 1000.000000 1000.000000 1000.000000
4 2 19 0.000000 0.000000 98.872085 0.000001 0.000000 0.000000 20.000000 10.000000 1000.000000 1000.000000 1000.000000 1000.000000
4 2 20 96.291296 36.604687 106.450736 43.693494 0.000000 0.000000 127.591316 51.981592 11.469419 3.179142 1000.000000 1000.000000
5 1 1 98.872798 50.674582 169.703108 75.047637 0.000000 0.000000 128.772605 62.811108 36.739191 14.122655 1000.000000 1000.000000
5 1 2 0.000000 43.833608 418.259802 181.226205 416.761853 178.403985 20.000000 57.053472 1000.000000 34.954012 1000.000000 34.259370
5 1 3 0.000000 0.000000 421.240868 179.943550 0.000000 0.000000 20.000000 10.000000 1000.000000 1000.000000 1000.000000 1000.000000
5 1 4 0.000000 0.000000 1815.820157 792.855103 0.000000 0.000000 20.000000 10.000000 1000.000000 1000.000000 1000.000000 1000.000000
5 1 5 0.000000 49.389156 370.567077 157.024149 370.559569 157.020906 20.000000 64.271104 1000.000000 27.519285 1000.000000 27.518235
5 1 6 96.255937 43.278053 2322.609649 1001.847060 0.000000 0.000000 125.231830 56.331738 121.711824 55.080262 1000.000000 1000.000000
5 1 7 95.346847 43.879962 1598.548129 682.695901 1598.444127 682.674570 124.050464 57.166660 109.808445 49.235771 109.787345 49.176155
5 1 8 94.711321 43.890121 107.692040 46.023247 107.695891 46.023692 124.046965 57.035359 15.320772 4.527792 15.318048 4.528113
5 1 9 0.000000 0.000000 0.000000 0.000000 0.000000 0.000000 20.000000 10.000000 1000.000000 1000.000000 1000.000000 1000.000000
5 2 1 0.000000 0.000000 0.000000 0.000000 0.000000 0.000000 20.000000 10.000000 1000.000000 1000.000000 1000.000000 1000.000000
5 2 2 88.387510 39.583976 96.981292 35.515308 92.006035 41.871761 114.595886 51.981687 13.914430 11.727416 6.461891 3.587777
5 2 3 0.000000 0.000000 0.000000 0.000000 0.000000 0.000000 20.000000 10.000000 1000.000000 1000.000000 1000.000000 1000.000000
5 2 4 0.000000 0.000000 0.000000 0.000000 0.000000 0.000000 20.000000 10.000000 1000.000000 1000.000000 1000.000000 1000.000000
5 2 5 92.394108 49.049541 228.378793 95.945231 228.379474 95.945364 121.684324 62.811533 44.001980 18.812685 44.001450 18.812145
5 2 6 0.000000 0.000000 0.000000 0.000000 0.000000 0.000000 20.000000 10.000000 1000.000000 1000.000000 1000.000000 1000.000000
5 2 7 97.272622 50.533168 164.656080 69.641070 164.656527 69.641259 128.772640 62.811125 29.914490 11.681019 29.914859 11.681130
5 2 8 0.000000 48.278046 819.607558 355.082729 820.562401 355.157037 20.000000 62.827540 1000.000000 37.529942 1000.000000 37.410389
5 2 9 0.000000 0.000000 0.000000 0.000000 0.000000 0.000000 20.000000 10.000000 1000.000000 1000.000000 1000.000000 1000.000000
6 1 1 89.256655 37.282296 250.872467 45.328037 0.000000 0.000000 116.958677 51.981808 94.251642 6.751060 1000.000000 1000.000000
6 1 2 0.000000 0.000000 0.000000 0.000000 0.000000 0.000000 20.000000 10.000000 1000.000000 1000.000000 1000.000000 1000.000000
6 1 3 0.000000 0.000000 0.000000 0.000000 0.000000 0.000000 20.000000 10.000000 1000.000000 1000.000000 1000.000000 1000.000000
6 1 4 94.086499 36.902895 97.163464 43.242067 0.000000 0.000000 122.865608 51.981708 12.536267 3.781461 1000.000000 1000.000000
6 1 5 98.737210 42.688162 156.574476 66.735888 155.758020 66.677603 128.772577 57.035363 34.405008 11.738899 34.150357 12.594094
6 1 6 0.000000 0.000000 0.000000 0.000000 0.000000 0.000000 20.000000 10.000000 1000.000000 1000.000000 1000.000000 1000.000000
6 1 7 0.000000 0.000000 0.000000 0.000000 0.000000 0.000000 20.000000 10.000000 1000.000000 1000.000000 1000.000000 1000.000000
6 1 8 93.474618 44.352184 112.949598 50.781327 112.968884 50.760556 121.684159 57.035355 21.010574 7.719447 20.976843 7.702104
6 1 9 0.000000 0.000000 0.000000 0.000000 0.000000 0.000000 20.000000 10.000000 1000.000000 1000.000000 1000.000000 1000.000000
6 1 10 0.000000 0.000000 0.000000 0.000000 0.000000 0.000000 20.000000 10.000000 1000.000000 1000.000000 1000.000000 1000.000000
6 1 11 0.000000 0.000000 0.000000 0.000000 0.000000 0.000000 20.000000 10.000000 1000.000000 1000.000000 1000.000000 1000.000000
6 1 12 0.000000 0.000000 307.861635 134.622642 0.000000 0.000000 20.000000 10.000000 1000.000000 1000.000000 1000.000000 1000.000000
6 1 13 0.000000 0.000000 0.000000 0.000000 0.000000 0.000000 20.000000 10.000000 1000.000000 1000.000000 1000.000000 1000.000000
6 1 14 0.000000 0.000000 0.000000 0.000000 0.000000 0.000000 20.000000 10.000000 1000.000000 1000.000000 1000.000000 1000.000000
6 1 15 0.000000 0.000000 0.000000 0.000000 0.000000 0.000000 20.000000 10.000000 1000.000000 1000.000000 1000.000000 1000.000000
6 1 16 0.000000 0.000000 0.000000 0.000000 0.000000 0.000000 20.000000 10.000000 1000.000000 1000.000000 1000.000000 1000.000000
6 1 17 0.000000 0.000000 0.000000 0.000000 0.000000 0.000000 20.000000 10.000000 1000.000000 1000.000000 1000.000000 1000.000000
6 1 18 0.000000 0.000000 0.000000 0.000000 0.000000 0.000000 20.000000 10.000000 1000.000000 1000.000000 1000.000000 1000.000000
6 1 19 0.000000 0.000000 0.000000 0.000000 0.000000 0.000000 20.000000 10.000000 1000.000000 1000.000000 1000.000000 1000.000000
6 1 20 0.000000 0.000000 0.000000 0.000000 0.000000 0.000000 20.000000 10.000000 1000.000000 1000.000000 1000.000000 1000.000000
6 2 1 0.000000 0.000000 0.000000 0.000000 0.000000 0.000000 20.000000 10.000000 1000.000000 1000.000000 1000.000000 1000.000000
6 2 2 0.000000 0.000000 0.000000 0.000000 0.000000 0.000000 20.000000 10.000000 1000.000000 1000.000000 1000.000000 1000.000000
6 2 3 0.000000 0.000000 0.000000 0.000000 0.000000 0.000000 20.000000 10.000000 1000.000000 1000.000000 1000.000000 1000.000000
6 2 4 0.000000 0.000000 0.000031 83.307917 0.000000 0.000000 20.000000 10.000000 1000.000000 1000.000000 1000.000000 1000.000000
6 2 5 97.255306 37.094287 107.656196 44.018558 107.846836 44.002759 126.409760 51.981592 12.867431 3.872244 12.993155 3.866475
6 2 6 0.000000 0.000000 0.000000 0.000000 0.000000 0.000000 20.000000 10.000000 1000.000000 1000.000000 1000.000000 1000.000000
6 2 7 0.000000 0.000000 0.000000 0.000000 0.000000 0.000000 20.000000 10.000000 1000.000000 1000.000000 1000.000000 1000.000000
6 2 8 96.628915 51.786490 148.541837 64.054116 148.915710 64.296536 126.409763 62.811095 31.341249 11.683221 31.554078 12.051419
6 2 9 91.847246 39.064712 110.187931 46.602886 0.000000 0.000000 120.502760 51.981583 15.200309 5.226661 1000.000000 1000.000000
6 2 10 0.000000 0.000000 0.000000 0.000000 0.000000 0.000000 20.000000 10.000000 1000.000000 1000.000000 1000.000000 1000.000000
6 2 11 0.000000 0.000000 285.264798 124.789720 0.000000 0.000000 20.000000 10.000000 1000.000000 1000.000000 1000.000000 1000.000000
6 2 12 99.104940 48.060572 128.444340 54.779126 0.000000 0.000000 128.772840 62.811081 13.064767 5.101806 1000.000000 1000.000000
6 2 13 94.498165 38.012527 97.069276 41.953190 0.000000 0.000000 122.865614 51.981812 8.655836 3.225472 1000.000000 1000.000000
6 2 14 0.000000 0.000000 0.000000 0.000000 0.000000 0.000000 20.000000 10.000000 1000.000000 1000.000000 1000.000000 1000.000000
6 2 15 0.000000 0.000000 0.000000 0.000000 0.000000 0.000000 20.000000 10.000000 1000.000000 1000.000000 1000.000000 1000.000000
6 2 16 0.000000 0.000000 0.000000 0.000000 0.000000 0.000000 20.000000 10.000000 1000.000000 1000.000000 1000.000000 1000.000000
6 2 17 0.000000 0.000000 0.000000 0.000000 0.000000 0.000000 20.000000 10.000000 1000.000000 1000.000000 1000.000000 1000.000000
6 2 18 0.000000 0.000000 0.000000 0.000000 0.000000 0.000000 20.000000 10.000000 1000.000000 1000.000000 1000.000000 1000.000000
6 2 19 0.000000 0.000000 0.000000 0.000000 0.000000 0.000000 20.000000 10.000000 1000.000000 1000.000000 1000.000000 1000.000000
6 2 20 96.075038 36.503073 106.720490 43.821161 0.000000 0.000000 126.409772 51.981598 12.233303 2.852732 1000.000000 1000.000000
7 1 1 87.518980 37.325811 106.186590 45.946794 0.000000 0.000000 114.595764 51.981591 17.126645 5.286801 1000.000000 1000.000000
7 1 2 0.000000 0.000000 589.823511 268.699190 592.160717 267.827169 20.000000 10.000000 1000.000000 1000.000000 1000.000000 1000.000000
7 1 3 89.204051 45.339428 232.102917 42.800016 0.000000 0.000000 115.777274 57.035674 66.108006 4.039722 1000.000000 1000.000000
7 1 4 91.710488 40.497871 428.964269 191.516839 424.887640 190.497974 119.325004 52.724465 71.355006 32.256837 70.060404 31.344548
7 1 5 89.892309 39.944725 2636.912373 1142.023227 2636.915910 1142.024956 116.962279 51.991529 173.706746 77.820721 173.703007 77.818709
7 1 6 97.111715 35.116087 130.594712 55.635373 130.045055 55.934240 127.591162 51.981592 26.741692 8.398867 28.264098 9.230958
7 1 7 88.074129 42.164535 568.185786 256.967040 568.189823 256.975509 114.599556 54.889541 93.631463 42.973580 93.613728 42.949048
7 1 8 97.725011 51.520846 185.823655 80.967492 185.824558 80.967591 127.591184 62.811113 42.688626 16.691037 42.688845 16.691046
7 1 9 0.000000 0.000000 0.000000 0.000000 0.000000 0.000000 20.000000 10.000000 1000.000000 1000.000000 1000.000000 1000.000000
7 2 1 0.000000 0.000000 0.000000 0.000000 0.000000 0.000000 20.000000 10.000000 1000.000000 1000.000000 1000.000000 1000.000000
7 2 2 0.000000 0.000000 176.325758 80.198864 90.531302 36.366164 20.000000 10.000000 1000.000000 1000.000000 1000.000000 1000.000000
7 2 3 0.000000 0.000000 0.000000 0.000000 0.000000 0.000000 20.000000 10.000000 1000.000000 1000.000000 1000.000000 1000.000000
7 2 4 91.983923 37.236989 95.056694 42.293003 94.347478 13.266061 119.321441 51.981678 13.212378 6.867575 10.501304 11.518528
7 2 5 0.000000 44.389162 473.720167 200.013584 473.716650 200.021056 20.000000 57.775213 1000.000000 28.064579 1000.000000 28.040540
7 2 6 86.875423 39.487766 91.625811 44.303073 91.832875 41.622622 113.414368 51.981603 9.230796 1.950680 9.472784 3.597788
7 2 7 0.000000 0.000000 791.786150 356.163392 791.848079 356.172845 20.000000 10.000000 1000.000000 1000.000000 1000.000000 1000.000000
7 2 8 0.000000 48.278046 1696.048599 806.519192 1696.062721 806.528051 20.000000 62.827540 1000.000000 60.440676 1000.000000 60.428075
7 2 9 96.671366 37.815899 97.336709 41.500722 0.000000 0.000000 126.410077 51.981809 8.399364 3.517970 1000.000000 1000.000000
8 1 1 91.710488 43.833608 2371.165776 1083.827048 2354.147887 1079.225179 119.325004 57.053472 151.971260 71.983479 163.456267 67.579242
8 1 2 89.892309 41.053426 2506.117318 1090.786594 2506.149351 1090.790631 116.962279 53.446149 143.455264 65.121319 143.336704 65.101648
8 1 3 96.855137 50.607685 205.389314 87.999351 205.395376 88.002081 127.591947 62.811173 45.739835 17.593153 45.743224 17.596413
8 1 4 92.031535 37.281171 98.117627 0.423845 0.000034 44.199355 120.502779 51.981638 10.065905 36.484236 548.537243 4.921585
8 1 5 0.000000 39.944725 3192.513350 1386.349976 3192.516416 1386.351772 20.000000 52.001465 1000.000000 69.798146 1000.000000 69.795836
8 1 6 89.886401 47.956525 309.398641 134.307647 309.498065 134.316381 116.960486 62.811164 63.198945 27.536878 62.938428 27.512433
8 1 7 90.842802 44.186595 243.070247 45.552912 100.380971 0.000000 119.321379 57.035390 20.447800 5.043439 13.161555 17.346315
8 1 8 93.208593 44.500370 109.379577 47.838245 109.191478 47.684029 121.684161 57.035356 21.390218 6.863551 20.890354 6.757485
8 1 9 86.728065 48.768904 261.386447 115.128286 261.405212 115.163516 114.597226 62.813679 57.347085 25.873136 57.309674 25.788981
8 1 10 85.386378 38.812739 96.222390 43.055502 96.216458 43.051740 111.051572 51.981605 13.615782 4.446506 13.610806 4.443926
8 1 11 91.022573 34.840387 144.453838 58.411771 144.454926 58.412325 119.321362 51.981596 30.941921 10.285035 30.942237 10.285304
8 1 12 91.202318 45.551084 103.248333 45.817898 103.079620 45.653021 119.321370 57.035399 15.347813 5.059178 14.722120 4.863167
8 1 13 0.000000 0.000000 0.000000 0.000000 0.000000 0.000000 20.000000 10.000000 1000.000000 1000.000000 1000.000000 1000.000000
8 1 14 0.000000 0.000000 0.000000 0.000000 0.000000 0.000000 20.000000 10.000000 1000.000000 1000.000000 1000.000000 1000.000000
8 1 15 0.000000 0.000000 0.000000 0.000000 0.000000 0.000000 20.000000 10.000000 1000.000000 1000.000000 1000.000000 1000.000000
8 1 16 0.000000 0.000000 0.000000 0.000000 0.000000 0.000000 20.000000 10.000000 1000.000000 1000.000000 1000.000000 1000.000000
8 1 17 0.000000 0.000000 0.000000 0.000000 0.000000 0.000000 20.000000 10.000000 1000.000000 1000.000000 1000.000000 1000.000000
8 1 18 0.000000 0.000000 0.000000 0.000000 0.000000 0.000000 20.000000 10.000000 1000.000000 1000.000000 1000.000000 1000.000000
8 1 19 0.000000 0.000000 0.000000 0.000000 0.000000 0.000000 20.000000 10.000000 1000.000000 1000.000000 1000.000000 1000.000000
8 1 20 0.000000 0.000000 0.000000 0.000000 0.000000 0.000000 20.000000 10.000000 1000.000000 1000.000000 1000.000000 1000.000000
8 2 1 87.439049 39.757667 135.636497 0.000015 93.877211 8.673641 114.595889 51.981594 185.385381 514.851207 8.347307 28.317492
8 2 2 96.202648 50.515481 175.176831 74.211104 175.178076 74.212011 128.772776 62.811134 33.816570 13.169917 33.817173 13.170238
8 2 3 98.969133 49.848803 208.136476 87.929218 208.119248 87.931180 128.772578 62.811393 42.935482 19.124489 42.938504 19.116090
8 2 4 95.219458 37.215464 100.639291 43.008901 107.720430 43.151504 124.046962 51.981594 10.597627 3.337983 36.376662 5.832807
8 2 5 0.000000 49.389156 1026.175233 441.472991 1026.195348 441.478944 20.000000 64.271104 1000.000000 36.347094 1000.000000 36.338269
8 2 6 0.000000 45.500272 1503.815451 652.095134 1503.832433 652.107073 20.000000 59.218710 1000.000000 47.708021 1000.000000 47.683414
8 2 7 91.437764 52.931363 132.347892 57.920479 131.594465 57.800409 119.321362 62.811110 25.181074 8.924805 26.909387 10.132920
8 2 8 95.059029 52.249306 122.337619 52.875866 122.931096 53.075856 124.046958 62.811085 19.674698 7.100911 19.945295 6.795844
8 2 9 0.000000 41.611389 1892.339784 827.103036 1892.347037 827.106649 20.000000 54.166571 1000.000000 49.575952 1000.000000 49.572375
8 2 10 0.000000 48.833601 353.256674 154.110338 355.151104 155.255401 20.000000 63.549320 1000.000000 26.556315 1000.000000 26.582020
8 2 11 98.983207 40.500279 1339.101128 574.812288 1338.998916 574.751194 128.775933 52.723160 100.258708 44.825535 100.221137 44.849743
8 2 12 91.046570 35.438133 128.695716 55.438187 130.607514 56.160603 119.321362 51.981596 22.420787 8.148237 22.684132 8.207817
8 2 13 90.004143 50.124765 209.128233 88.069109 0.000000 0.000000 119.321565 62.811323 41.523082 18.202209 1000.000000 1000.000000
8 2 14 96.272007 39.591109 0.003203 43.576540 0.000000 0.000000 127.592591 51.981596 343.308490 3.628044 1000.000000 1000.000000
8 2 15 0.000000 0.000000 0.000000 0.000000 0.000000 0.000000 20.000000 10.000000 1000.000000 1000.000000 1000.000000 1000.000000
8 2 16 0.000000 0.000000 0.000000 0.000000 0.000000 0.000000 20.000000 10.000000 1000.000000 1000.000000 1000.000000 1000.000000
8 2 17 93.784536 38.067383 99.008747 42.704049 0.000000 0.000000 121.684175 51.981634 11.400836 3.921276 1000.000000 1000.000000
8 2 18 0.000000 0.000000 0.000000 0.000000 0.000000 0.000000 20.000000 10.000000 1000.000000 1000.000000 1000.000000 1000.000000
8 2 19 0.000000 0.000000 0.000000 0.000000 0.000000 0.000000 20.000000 10.000000 1000.000000 1000.000000 1000.000000 1000.000000
8 2 20 92.661539 37.072682 100.915597 43.440964 0.000000 0.000000 121.684167 51.981610 12.019640 3.337292 1000.000000 1000.000000
