1 1 1 89.375 1.000 89.113 43.671 2.500
1 1 2 101.750 0.383 89.386 48.868 2.500
1 1 3 221.696 0.514 87.874 37.623 2.500
1 1 4 138.347 0.811 0.000 39.389 2.500
1 1 5 149.344 0.524 0.000 0.000 2.500
1 1 6 216.823 0.754 92.241 37.631 2.500
1 1 7 197.307 0.818 93.966 47.780 2.500
1 1 8 172.088 0.769 97.188 50.915 2.500
1 1 9 200.000 10.000 0.000 0.000 2.500
1 2 1 200.000 10.000 0.000 0.000 2.500
1 2 2 205.830 0.685 95.671 43.399 2.500
1 2 3 200.000 10.000 0.000 0.000 2.500
1 2 4 212.535 0.456 91.710 39.387 2.500
1 2 5 186.170 0.438 0.000 48.278 2.500
1 2 6 200.000 10.000 0.000 0.000 2.500
1 2 7 207.888 0.687 0.000 0.000 2.500
1 2 8 206.610 0.703 89.892 47.689 2.500
1 2 9 212.400 0.484 95.809 37.740 2.500
2 1 1 164.665 0.748 0.000 47.722 2.500
2 1 2 194.856 0.468 98.983 46.611 2.500
2 1 3 207.771 0.730 92.978 40.102 2.500
2 1 4 195.048 0.454 94.372 44.979 2.500
2 1 5 207.367 0.784 0.000 0.000 2.500
2 1 6 186.720 0.659 0.000 45.500 2.500
2 1 7 176.888 0.483 97.043 43.428 2.500
2 1 8 222.468 0.603 98.983 43.834 2.500
2 1 9 210.382 0.915 89.114 43.420 2.500
2 1 10 210.556 0.854 0.000 0.000 2.500
2 1 11 214.237 0.735 92.561 49.908 2.500
2 1 12 199.659 0.926 91.818 53.446 2.500
2 1 13 199.041 0.782 91.037 37.095 2.500
2 1 14 200.000 10.000 0.000 0.000 2.500
2 1 15 212.562 0.488 93.305 52.703 2.500
2 1 16 200.000 10.000 0.000 0.000 2.500
2 1 17 200.000 10.000 0.000 0.000 2.500
2 1 18 200.000 10.000 0.000 0.000 2.500
2 1 19 200.000 10.000 0.000 0.000 2.500
2 1 20 223.827 0.812 93.820 37.967 2.500
2 2 1 195.675 0.588 0.000 0.000 2.500
2 2 2 221.290 0.551 92.620 38.355 2.500
2 2 3 212.263 0.506 96.279 37.290 2.500
2 2 4 185.883 0.408 0.000 47.945 2.500
2 2 5 178.455 0.685 97.165 46.056 2.500
2 2 6 219.764 0.766 0.000 0.000 2.500
2 2 7 198.141 0.677 0.000 0.000 2.500
2 2 8 194.720 0.427 0.000 0.000 2.500
2 2 9 208.931 0.775 0.000 0.000 2.500
2 2 10 230.913 0.439 0.000 0.000 2.500
2 2 11 204.065 0.423 0.000 49.389 2.500
2 2 12 221.636 0.433 0.000 0.000 2.500
2 2 13 210.699 0.703 89.345 38.444 2.500
2 2 14 200.000 10.000 0.000 0.000 2.500
2 2 15 216.384 0.944 89.363 37.903 2.500
2 2 16 200.000 10.000 0.000 0.000 2.500
2 2 17 202.198 0.819 86.125 36.154 2.500
2 2 18 200.000 10.000 0.000 0.000 2.500
2 2 19 200.000 10.000 0.000 0.000 2.500
2 2 20 206.390 0.722 87.789 39.234 2.500
3 1 1 204.583 0.625 83.529 39.945 2.500
3 1 2 193.663 0.758 0.000 0.000 2.500
3 1 3 178.094 0.790 92.704 49.328 2.500
3 1 4 178.488 0.739 0.000 0.000 2.500
3 1 5 194.207 0.544 0.000 0.000 2.500
3 1 6 211.058 0.845 95.346 47.742 2.500
3 1 7 208.300 0.734 88.074 39.389 2.500
3 1 8 208.860 0.782 95.114 38.786 2.500
3 1 9 200.000 10.000 0.000 0.000 2.500
3 2 1 212.447 0.156 97.625 44.822 2.500
3 2 2 200.000 10.000 0.000 0.000 2.500
3 2 3 181.862 0.730 89.339 37.229 2.500
3 2 4 152.394 0.704 0.000 0.000 2.500
3 2 5 202.123 0.705 0.000 0.000 2.500
3 2 6 207.578 0.680 97.544 49.055 2.500
3 2 7 201.535 0.710 0.000 43.278 2.500
3 2 8 240.330 0.707 92.620 46.395 2.500
3 2 9 179.787 0.676 96.272 44.150 2.500
4 1 1 220.643 0.760 0.000 43.834 2.500
4 1 2 193.834 0.745 94.763 51.789 2.500
4 1 3 238.228 0.799 0.000 43.834 2.500
4 1 4 180.685 0.748 84.438 39.942 2.500
4 1 5 187.447 0.717 0.000 43.278 2.500
4 1 6 194.049 0.639 96.256 48.282 2.500
4 1 7 193.808 0.709 91.977 44.535 2.500
4 1 8 199.509 0.751 0.000 41.611 2.500
4 1 9 203.851 0.450 86.951 48.740 2.500
4 1 10 200.290 0.718 90.496 40.373 2.500
4 1 11 209.686 0.887 85.593 39.689 2.500
4 1 12 185.178 0.581 88.539 38.094 2.500
4 1 13 229.075 0.927 0.000 0.000 2.500
4 1 14 200.000 10.000 0.000 0.000 2.500
4 1 15 200.000 10.000 0.000 0.000 2.500
4 1 16 203.379 0.559 92.540 46.111 2.500
4 1 17 200.000 10.000 0.000 0.000 2.500
4 1 18 200.000 10.000 0.000 0.000 2.500
4 1 19 210.704 1.032 0.000 42.017 2.500
4 1 20 200.000 10.000 0.000 0.000 2.500
4 2 1 191.156 0.679 91.573 31.865 2.500
4 2 2 243.268 0.686 95.287 49.575 2.500
4 2 3 203.805 0.418 97.204 52.624 2.500
4 2 4 200.409 0.664 92.556 39.480 2.500
4 2 5 198.685 0.659 97.165 49.387 2.500
4 2 6 178.954 0.714 95.214 52.419 2.500
4 2 7 188.824 0.743 0.000 48.278 2.500
4 2 8 206.131 0.636 88.983 38.834 2.500
4 2 9 178.978 0.678 97.852 46.571 2.500
4 2 10 239.774 0.521 0.000 48.834 2.500
4 2 11 182.177 0.707 96.507 51.051 2.500
4 2 12 179.722 0.705 0.000 47.167 2.500
4 2 13 203.922 0.954 94.155 37.737 2.500
4 2 14 200.000 10.000 0.000 0.000 2.500
4 2 15 200.000 10.000 0.000 0.000 2.500
4 2 16 201.649 0.759 96.772 41.875 2.500
4 2 17 200.000 10.000 0.000 0.000 2.500
4 2 18 200.000 10.000 0.000 0.000 2.500
4 2 19 187.315 0.749 0.000 0.000 2.500
4 2 20 231.456 0.707 96.291 36.605 2.500
5 1 1 223.139 0.688 98.873 50.675 2.500
5 1 2 198.403 0.872 0.000 43.834 2.500
5 1 3 206.958 0.783 0.000 0.000 2.500
5 1 4 172.866 0.727 0.000 0.000 2.500
5 1 5 196.305 0.780 0.000 49.389 2.500
5 1 6 201.061 0.707 96.256 43.278 2.500
5 1 7 194.496 0.481 95.347 43.880 2.500
5 1 8 207.405 0.791 94.711 43.890 2.500
5 1 9 200.000 10.000 0.000 0.000 2.500
5 2 1 200.000 10.000 0.000 0.000 2.500
5 2 2 168.964 0.706 88.388 39.584 2.500
5 2 3 200.000 10.000 0.000 0.000 2.500
5 2 4 200.000 10.000 0.000 0.000 2.500
5 2 5 152.527 0.703 92.394 49.050 2.500
5 2 6 200.000 10.000 0.000 0.000 2.500
5 2 7 175.533 0.669 97.273 50.533 2.500
5 2 8 206.431 0.684 0.000 48.278 2.500
5 2 9 200.000 10.000 0.000 0.000 2.500
6 1 1 208.839 0.838 89.257 37.282 2.500
6 1 2 200.000 10.000 0.000 0.000 2.500
6 1 3 200.000 10.000 0.000 0.000 2.500
6 1 4 198.915 0.759 94.086 36.903 2.500
6 1 5 213.712 0.678 98.737 42.688 2.500
6 1 6 200.000 10.000 0.000 0.000 2.500
6 1 7 200.000 10.000 0.000 0.000 2.500
6 1 8 274.475 0.844 93.475 44.352 2.500
6 1 9 200.000 10.000 0.000 0.000 2.500
6 1 10 200.000 10.000 0.000 0.000 2.500
6 1 11 200.000 10.000 0.000 0.000 2.500
6 1 12 212.032 0.717 0.000 0.000 2.500
6 1 13 200.000 10.000 0.000 0.000 2.500
6 1 14 200.000 10.000 0.000 0.000 2.500
6 1 15 200.000 10.000 0.000 0.000 2.500
6 1 16 200.000 10.000 0.000 0.000 2.500
6 1 17 200.000 10.000 0.000 0.000 2.500
6 1 18 200.000 10.000 0.000 0.000 2.500
6 1 19 200.000 10.000 0.000 0.000 2.500
6 1 20 200.000 10.000 0.000 0.000 2.500
6 2 1 200.000 10.000 0.000 0.000 2.500
6 2 2 200.000 10.000 0.000 0.000 2.500
6 2 3 200.000 10.000 0.000 0.000 2.500
6 2 4 224.854 0.773 0.000 0.000 2.500
6 2 5 203.285 0.512 97.255 37.094 2.500
6 2 6 200.000 10.000 0.000 0.000 2.500
6 2 7 200.000 10.000 0.000 0.000 2.500
6 2 8 192.113 0.726 96.629 51.786 2.500
6 2 9 197.377 0.749 91.847 39.065 2.500
6 2 10 200.000 10.000 0.000 0.000 2.500
6 2 11 220.128 0.748 0.000 0.000 2.500
6 2 12 161.273 0.686 99.105 48.061 2.500
6 2 13 211.006 0.732 94.498 38.013 2.500
6 2 14 200.000 10.000 0.000 0.000 2.500
6 2 15 200.000 10.000 0.000 0.000 2.500
6 2 16 200.000 10.000 0.000 0.000 2.500
6 2 17 200.000 10.000 0.000 0.000 2.500
6 2 18 200.000 10.000 0.000 0.000 2.500
6 2 19 200.000 10.000 0.000 0.000 2.500
6 2 20 177.600 0.717 96.075 36.503 2.500
7 1 1 185.418 0.501 87.519 37.326 2.500
7 1 2 224.355 0.829 0.000 0.000 2.500
7 1 3 200.744 0.794 89.204 45.339 2.500
7 1 4 208.514 0.818 91.710 40.498 2.500
7 1 5 190.668 0.876 89.892 39.945 2.500
7 1 6 187.275 0.754 97.112 35.116 2.500
7 1 7 188.285 0.910 88.074 42.165 2.500
7 1 8 202.989 0.704 97.725 51.521 2.500
7 1 9 200.000 10.000 0.000 0.000 2.500
7 2 1 200.000 10.000 0.000 0.000 2.500
7 2 2 217.247 0.804 0.000 0.000 2.500
7 2 3 200.000 10.000 0.000 0.000 2.500
7 2 4 223.655 0.673 91.984 37.237 2.500
7 2 5 222.732 0.852 0.000 44.389 2.500
7 2 6 211.108 0.685 86.875 39.488 2.500
7 2 7 196.167 0.786 0.000 0.000 2.500
7 2 8 206.009 0.732 0.000 48.278 2.500
7 2 9 199.151 0.077 96.671 37.816 2.500
8 1 1 194.468 0.523 91.710 43.834 2.500
8 1 2 210.952 0.804 89.892 41.053 2.500
8 1 3 239.433 0.465 96.855 50.608 2.500
8 1 4 169.272 0.793 92.032 37.281 2.500
8 1 5 181.411 0.788 0.000 39.945 2.500
8 1 6 173.676 0.883 89.886 47.957 2.500
8 1 7 367.365 0.857 90.843 44.187 2.500
8 1 8 192.100 0.771 93.209 44.500 2.500
8 1 9 203.665 0.461 86.728 48.769 2.500
8 1 10 202.874 0.751 85.386 38.813 2.500
8 1 11 202.133 0.815 91.023 34.840 2.500
8 1 12 206.573 0.883 91.202 45.551 2.500
8 1 13 200.000 10.000 0.000 0.000 2.500
8 1 14 200.000 10.000 0.000 0.000 2.500
8 1 15 200.000 10.000 0.000 0.000 2.500
8 1 16 200.000 10.000 0.000 0.000 2.500
8 1 17 200.000 10.000 0.000 0.000 2.500
8 1 18 200.000 10.000 0.000 0.000 2.500
8 1 19 200.000 10.000 0.000 0.000 2.500
8 1 20 200.000 10.000 0.000 0.000 2.500
8 2 1 224.435 0.742 87.439 39.758 2.500
8 2 2 173.496 0.760 96.203 50.515 2.500
8 2 3 171.213 0.746 98.969 49.849 2.500
8 2 4 176.631 0.454 95.219 37.215 2.500
8 2 5 214.247 0.750 0.000 49.389 2.500
8 2 6 221.972 0.413 0.000 45.500 2.500
8 2 7 200.581 0.717 91.438 52.931 2.500
8 2 8 192.367 0.753 95.059 52.249 2.500
8 2 9 168.070 0.428 0.000 41.611 2.500
8 2 10 201.463 0.713 0.000 48.834 2.500
8 2 11 192.226 0.679 98.983 40.500 2.500
8 2 12 223.940 0.639 91.047 35.438 2.500
8 2 13 227.006 0.704 90.004 50.125 2.500
8 2 14 172.141 0.685 96.272 39.591 2.500
8 2 15 200.000 10.000 0.000 0.000 2.500
8 2 16 200.000 10.000 0.000 0.000 2.500
8 2 17 208.810 0.826 93.785 38.067 2.500
8 2 18 200.000 10.000 0.000 0.000 2.500
8 2 19 200.000 10.000 0.000 0.000 2.500
8 2 20 212.251 0.567 92.662 37.073 2.500
