1 1 1 89.113038 43.670771 98.211520 45.946867 0.000000 0.000000 116.958597 57.035394 13.085718 4.488279 1000.000000 1000.000000
1 1 2 89.385803 48.868329 299.423085 135.967788 298.656205 135.542352 116.958674 62.824835 66.369680 30.103268 66.400248 30.318213
1 1 3 87.873866 37.623463 99.006232 44.393614 0.000000 0.000000 114.595771 51.981599 17.912020 4.969422 1000.000000 1000.000000
1 1 4 0.000000 39.389170 810.811209 344.488807 810.824099 344.495792 20.000000 51.279778 1000.000000 40.853840 1000.000000 40.838776
1 1 5 0.000000 0.000000 1558.246839 666.821705 1558.260834 666.828742 20.000000 10.000000 1000.000000 1000.000000 1000.000000 1000.000000
1 1 6 92.240955 37.630525 103.648793 44.446121 0.000000 0.000000 120.502762 51.981594 14.637709 4.795699 1000.000000 1000.000000
1 1 7 93.966286 47.779933 312.994175 137.232577 312.991033 137.231355 122.865692 62.840086 67.008678 29.530470 67.005481 29.529211
1 1 8 97.188499 50.914977 191.293001 80.691002 191.292046 80.690044 128.772904 62.811132 41.940998 16.727116 41.940228 16.726692
1 1 9 0.000000 0.000000 0.000000 0.000000 0.000000 0.000000 20.000000 10.000000 1000.000000 1000.000000 1000.000000 1000.000000
1 2 1 0.000000 0.000000 0.000000 0.000000 0.000000 0.000000 20.000000 10.000000 1000.000000 1000.000000 1000.000000 1000.000000
1 2 2 95.671283 43.399154 108.587787 47.772232 108.590766 47.772946 125.228361 57.035353 14.316579 4.813886 14.318549 4.814343
1 2 3 0.000000 0.000000 0.000000 0.000000 0.000000 0.000000 20.000000 10.000000 1000.000000 1000.000000 1000.000000 1000.000000
1 2 4 91.710488 39.386763 517.113789 226.718081 517.137227 226.719172 119.325004 51.281120 65.892320 29.377287 65.824364 29.367905
1 2 5 0.000000 48.278046 510.678286 216.349802 510.678698 216.357130 20.000000 62.827540 1000.000000 27.240218 1000.000000 27.219189
1 2 6 0.000000 0.000000 0.000000 0.000000 0.000000 0.000000 20.000000 10.000000 1000.000000 1000.000000 1000.000000 1000.000000
1 2 7 0.000000 0.000000 429.105034 182.245983 429.131934 182.255731 20.000000 10.000000 1000.000000 1000.000000 1000.000000 1000.000000
1 2 8 89.892300 47.688638 249.226733 104.202188 249.109135 104.201365 116.962280 62.814266 45.335054 19.635588 45.622488 19.624297
1 2 9 95.809052 37.739849 100.173103 4.685346 0.000000 0.000000 125.228485 51.981813 38.668423 25.228164 1000.000000 1000.000000
2 1 1 0.000000 47.722491 1494.934652 646.378447 1494.926770 646.375963 20.000000 62.105765 1000.000000 55.463434 1000.000000 55.461220
2 1 2 98.983207 46.611382 1525.764920 662.294347 1525.764919 662.294344 128.775933 60.662228 134.329241 60.398794 134.329258 60.398790
2 1 3 92.978367 40.101910 97.355389 40.694058 0.052493 42.625036 121.684182 51.981593 11.892650 2.780826 18.554372 3.787646
2 1 4 94.372061 44.978739 116.059911 50.168824 116.059375 50.168769 122.865561 57.035349 19.409724 6.545889 19.409190 6.545815
2 1 5 0.000000 0.000000 0.000000 0.000000 0.000000 0.000000 20.000000 10.000000 1000.000000 1000.000000 1000.000000 1000.000000
2 1 6 0.000000 45.500263 0.000000 999.999978 0.000000 1000.000000 20.000000 59.218728 1000.000000 28.956285 1000.000000 28.955633
2 1 7 97.042967 43.427996 106.357817 47.127345 106.353054 47.122130 126.409781 57.035378 18.724916 5.681198 18.718006 5.676542
2 1 8 98.983207 43.833608 508.971274 217.474154 508.979118 217.476610 128.775933 57.053472 77.559480 33.795903 77.543125 33.790953
2 1 9 89.114165 43.419618 182.897657 82.810058 182.915909 82.862416 116.958576 57.035381 48.732045 19.059125 48.897431 20.238627
2 1 10 0.000000 0.000000 1999.999993 1000.000000 2000.000000 1000.000000 20.000000 10.000000 1000.000000 1000.000000 1000.000000 1000.000000
2 1 11 92.560686 49.907775 246.848072 104.608874 246.847789 104.608989 120.502954 62.811571 54.206765 22.079944 54.206567 22.079903
2 1 12 91.818182 53.445624 133.269802 57.267837 133.248575 56.985069 119.321364 62.811086 32.561473 11.220455 32.503671 10.782145
2 1 13 91.036944 37.095026 102.312852 43.635695 0.000000 0.000000 119.321387 51.981770 12.487500 3.203907 1000.000000 1000.000000
2 1 14 0.000000 0.000000 0.000000 0.000000 0.000000 0.000000 20.000000 10.000000 1000.000000 1000.000000 1000.000000 1000.000000
2 1 15 93.304851 52.702679 119.179749 0.000000 112.748415 49.623003 121.684160 62.811084 20.509306 0.000000 15.528679 6.730417
2 1 16 0.000000 0.000000 0.000000 0.000000 0.000000 0.000000 20.000000 10.000000 1000.000000 1000.000000 1000.000000 1000.000000
2 1 17 0.000000 0.000000 0.000000 0.000000 0.000000 0.000000 20.000000 10.000000 1000.000000 1000.000000 1000.000000 1000.000000
2 1 18 0.000000 0.000000 0.000000 0.000000 0.000000 0.000000 20.000000 10.000000 1000.000000 1000.000000 1000.000000 1000.000000
2 1 19 0.000000 0.000000 0.000000 0.000000 0.000000 0.000000 20.000000 10.000000 1000.000000 1000.000000 1000.000000 1000.000000
2 1 20 93.819949 37.966642 106.746245 45.199186 105.408366 45.049503 121.684171 51.981606 19.351651 4.885776 18.642844 4.755056
2 2 1 0.000000 0.000000 633.756528 270.521445 633.756123 270.518950 20.000000 10.000000 1000.000000 1000.000000 1000.000000 1000.000000
2 2 2 92.619578 38.355259 1004.206359 436.642178 1004.217137 436.647981 120.506368 54.881277 106.619706 48.076058 106.610099 48.070599
2 2 3 96.278999 37.289944 106.878432 44.468827 106.506986 44.391557 125.228359 51.981591 13.318362 4.033614 12.398432 7.778405
2 2 4 0.000000 47.945465 268.871814 112.370202 268.766964 112.287748 20.000000 62.822088 1000.000000 19.084345 1000.000000 19.064610
2 2 5 97.165027 46.055827 2000.000000 955.893191 2000.000000 955.893159 126.413197 59.940466 60.964374 50.716963 60.964121 50.716933
2 2 6 0.000000 0.000000 1932.561708 852.146684 1932.559989 852.148214 20.000000 10.000000 1000.000000 1000.000000 1000.000000 1000.000000
2 2 7 0.000000 0.000000 962.607851 422.289560 962.937738 422.658378 20.000000 10.000000 1000.000000 1000.000000 1000.000000 1000.000000
2 2 8 0.000000 0.000000 2000.000000 908.764064 2000.000000 908.764021 20.000000 10.000000 1000.000000 1000.000000 1000.000000 1000.000000
2 2 9 0.000000 0.000000 377.406803 167.041791 377.413932 167.040823 20.000000 10.000000 1000.000000 1000.000000 1000.000000 1000.000000
2 2 10 0.000000 0.000000 398.762670 194.012665 398.761573 194.012144 20.000000 10.000000 1000.000000 1000.000000 1000.000000 1000.000000
2 2 11 0.000000 49.389156 430.034861 179.259728 430.029805 179.256518 20.000000 64.271104 1000.000000 25.586710 1000.000000 25.589093
2 2 12 0.000000 0.000000 433.221364 183.436615 433.471085 183.512190 20.000000 10.000000 1000.000000 1000.000000 1000.000000 1000.000000
2 2 13 89.344558 38.444045 97.749201 41.584850 0.000000 0.000000 116.958607 51.981831 8.407823 3.144378 1000.000000 1000.000000
2 2 14 0.000000 0.000000 0.000000 0.000000 0.000000 0.000000 20.000000 10.000000 1000.000000 1000.000000 1000.000000 1000.000000
2 2 15 89.362980 37.902710 97.962882 0.000000 87.475602 43.047529 116.958741 51.981961 10.267988 0.000000 283.600640 3.689675
2 2 16 0.000000 0.000000 0.000000 0.000000 0.000000 0.000000 20.000000 10.000000 1000.000000 1000.000000 1000.000000 1000.000000
2 2 17 86.124691 36.153567 100.072669 44.511581 0.000000 0.000000 113.414380 51.981782 15.359977 4.811041 1000.000000 1000.000000
2 2 18 0.000000 0.000000 0.000000 0.000000 0.000000 0.000000 20.000000 10.000000 1000.000000 1000.000000 1000.000000 1000.000000
2 2 19 0.000000 0.000000 0.000000 0.000000 0.000000 0.000000 20.000000 10.000000 1000.000000 1000.000000 1000.000000 1000.000000
2 2 20 87.788741 39.233788 99.923720 41.870366 97.049557 41.661647 114.595765 51.981595 11.195259 3.616051 7.920858 3.556115
3 1 1 83.528682 39.944725 630.204913 273.867735 635.135753 275.890651 108.692764 52.001465 85.679170 38.168744 87.325262 36.865276
3 1 2 0.000000 0.000000 603.060430 258.154897 0.000000 0.000000 20.000000 10.000000 1000.000000 1000.000000 1000.000000 1000.000000
3 1 3 92.704174 49.328468 269.407530 114.278441 266.966438 113.660768 121.689240 62.812838 56.176225 23.898766 56.816692 23.921681
3 1 4 0.000000 0.000000 0.000000 1000.000000 0.000000 1000.000000 20.000000 10.000000 1000.000000 1000.000000 1000.000000 1000.000000
3 1 5 0.000000 0.000000 0.000000 0.000000 0.000000 0.000000 20.000000 10.000000 1000.000000 1000.000000 1000.000000 1000.000000
3 1 6 95.345536 47.742156 213.730947 91.409103 213.734588 91.409715 124.047002 62.811218 48.191304 19.599398 48.193667 19.599810
3 1 7 88.074129 39.389170 0.000000 0.000000 0.000000 0.000000 114.599556 51.279778 1000.000000 1000.000000 1000.000000 1000.000000
3 1 8 95.114064 38.786186 119.812497 0.000000 119.814685 48.436609 124.046959 51.981584 21.401890 0.000000 21.400416 6.544892
3 1 9 0.000000 0.000000 0.000000 0.000000 0.000000 0.000000 20.000000 10.000000 1000.000000 1000.000000 1000.000000 1000.000000
3 2 1 97.625043 44.822476 102.415809 0.000000 2.914303 69.217111 127.591218 57.035493 9.827738 0.000000 36.243701 30.693960
3 2 2 0.000000 0.000000 0.000000 0.000000 0.000000 0.000000 20.000000 10.000000 1000.000000 1000.000000 1000.000000 1000.000000
3 2 3 89.338600 37.228623 99.806670 49.345094 99.803814 42.888984 116.958602 51.981672 10.105461 1.684279 10.102743 2.860139
3 2 4 0.000000 0.000000 1093.518180 465.169496 1093.524108 465.172739 20.000000 10.000000 1000.000000 1000.000000 1000.000000 1000.000000
3 2 5 0.000000 0.000000 911.355627 383.172260 911.353789 383.174234 20.000000 10.000000 1000.000000 1000.000000 1000.000000 1000.000000
3 2 6 97.543833 49.054734 205.731211 86.204068 205.724853 86.202283 128.784874 62.811770 35.508867 15.195120 35.510998 15.196730
3 2 7 0.000000 43.278053 1421.234936 608.985875 1421.249569 608.996382 20.000000 56.331738 1000.000000 43.108779 1000.000000 43.088971
3 2 8 92.619578 46.394583 258.983728 108.313561 258.943447 108.270624 120.506368 62.818872 44.459362 18.975873 44.534468 19.108154
3 2 9 96.272212 44.149826 102.401397 0.000000 0.000000 0.000000 128.772608 57.035432 10.953921 0.000000 1000.000000 1000.000000
4 1 1 0.000000 43.833608 1555.906908 682.656457 1555.685734 682.730693 20.000000 57.053472 1000.000000 50.988449 1000.000000 50.265425
4 1 2 94.762993 51.788649 185.808466 80.788182 185.800352 80.784022 122.865567 62.811152 43.041018 16.979954 43.041859 16.979632
4 1 3 0.000000 43.833608 560.269460 237.434562 560.219173 237.424323 20.000000 57.053472 1000.000000 34.303631 1000.000000 34.231069
4 1 4 84.437771 39.942317 2000.000000 936.272909 2000.000000 935.599355 109.874121 52.002788 88.991470 60.153171 82.544659 57.511724
4 1 5 0.000000 43.278053 1667.470329 721.624968 1667.482288 721.627896 20.000000 56.331738 1000.000000 60.772742 1000.000000 60.764560
4 1 6 96.256103 48.282261 342.651928 149.346829 342.447397 149.265334 125.230089 59.936152 69.140973 30.918896 69.137177 30.870729
4 1 7 91.976896 44.535379 108.433099 48.414336 108.428080 48.594506 120.502759 57.035363 20.145053 6.966261 20.139006 7.097450
4 1 8 0.000000 41.611389 515.484163 221.667107 515.482734 221.666873 20.000000 54.166571 1000.000000 33.583750 1000.000000 33.583428
4 1 9 86.950570 48.739503 292.115273 122.771383 292.123249 122.775358 114.596313 62.811856 64.047782 27.599640 64.049563 27.601067
4 1 10 90.496331 40.372900 103.227540 42.761813 103.222206 42.761848 118.139967 51.981588 14.326131 3.975824 14.321032 3.975809
4 1 11 85.592742 39.689057 0.000005 55.422843 1.091199 44.485725 111.051785 53.425808 481.328000 51.187797 144.036522 5.751921
4 1 12 88.538640 38.094253 103.300032 44.298417 103.293550 44.296040 115.777164 51.981591 17.473718 4.814250 17.470865 4.812952
4 1 13 0.000000 0.000000 0.000050 45.757945 0.000000 0.000000 20.000000 10.000000 1000.000000 1000.000000 1000.000000 1000.000000
4 1 14 0.000000 0.000000 0.000000 0.000000 0.000000 0.000000 20.000000 10.000000 1000.000000 1000.000000 1000.000000 1000.000000
4 1 15 0.000000 0.000000 0.000000 0.000000 0.000000 0.000000 20.000000 10.000000 1000.000000 1000.000000 1000.000000 1000.000000
4 1 16 92.539568 46.111111 97.643617 46.102112 94.993910 45.990691 121.684326 59.923348 38.155386 8.147777 42.412472 7.708044
4 1 17 0.000000 0.000000 0.000000 0.000000 0.000000 0.000000 20.000000 10.000000 1000.000000 1000.000000 1000.000000 1000.000000
4 1 18 0.000000 0.000000 0.000000 0.000000 0.000000 0.000000 20.000000 10.000000 1000.000000 1000.000000 1000.000000 1000.000000
4 1 19 0.000000 42.016540 0.000001 57.265101 0.000000 0.000000 20.000000 54.869604 1000.000000 54.861661 1000.000000 1000.000000
4 1 20 0.000000 0.000000 0.000000 0.000000 0.000000 0.000000 20.000000 10.000000 1000.000000 1000.000000 1000.000000 1000.000000
4 2 1 91.573298 31.864772 99.407558 41.773799 99.407453 41.773807 119.321361 46.927827 11.596694 3.772726 11.596786 3.772729
4 2 2 95.286670 49.575354 205.059330 89.122191 205.057020 89.127966 125.228409 62.811347 41.147685 19.315608 41.184682 19.308854
4 2 3 97.203917 52.624046 130.604087 55.237748 130.604121 55.237834 127.591166 62.811094 20.837032 7.678938 20.836966 7.678960
4 2 4 92.555766 39.480097 184.469214 0.000000 100.085714 42.056088 120.502794 51.981723 61.053464 0.000000 8.576475 3.043986
4 2 5 97.165027 49.386741 316.533955 135.141359 316.535536 135.154045 126.413197 64.263598 53.416191 23.236709 53.415160 23.196194
4 2 6 95.214006 52.418945 132.335556 55.780180 132.334419 55.779773 124.046960 62.811101 23.089404 9.471018 23.088611 9.470734
4 2 7 0.000000 48.278046 775.246622 341.841537 775.026814 341.760689 20.000000 62.827540 1000.000000 36.045911 1000.000000 35.868699
4 2 8 88.983219 38.833616 775.569174 328.676703 775.570855 328.674787 115.780917 50.558099 73.006348 32.155770 72.974767 32.148362
4 2 9 97.852333 46.570787 252.515287 107.219776 252.516732 107.219974 127.592460 62.814154 48.118787 20.934527 48.111165 20.932323
4 2 10 0.000000 48.833601 373.468998 157.336986 374.346183 157.751487 20.000000 63.549320 1000.000000 24.436561 1000.000000 24.437534
4 2 11 96.507308 51.050581 150.247867 65.946141 144.470616 61.360260 126.409768 62.811099 29.629680 12.088040 37.187233 16.670760
4 2 12 0.000000 47.166937 753.096567 316.952624 751.024486 316.341678 20.000000 61.383994 1000.000000 32.490754 1000.000000 32.221644
4 2 13 94.154645 37.736837 99.305138 43.060667 0.000000 0.000000 122.865634 51.982217 8.984787 3.888154 1000.000000 1000.000000
4 2 14 0.000000 0.000000 0.000000 0.000000 0.000000 0.000000 20.000000 10.000000 1000.000000 1000.000000 1000.000000 1000.000000
4 2 15 0.000000 0.000000 0.000000 0.000000 0.000000 0.000000 20.000000 10.000000 1000.000000 1000.000000 1000.000000 1000.000000
4 2 16 96.772455 41.875067 166.173842 71.235879 164.462118 70.658929 128.772886 57.035367 34.719921 13.140180 40.725715 14.992030
4 2 17 0.000000 0.000000 0.000000 0.000000 0.000000 0.000000 20.000000 10.000000 1000.000000 1000.000000 1000.000000 1000.000000
4 2 18 0.000000 0.000000 0.000000 0.000000 0.000000 0.000000 20.000000 10.000000 1000.000000 1000.000000 1000.000000 1000.000000
4 2 19 0.000000 0.000000 98.872403 0.000000 0.000000 0.000000 20.000000 10.000000 1000.000000 0.000000 1000.000000 1000.000000
4 2 20 96.291296 36.604687 106.450609 43.693503 0.000000 0.000000 127.591316 51.981592 11.469453 3.179156 1000.000000 1000.000000
5 1 1 98.872798 50.674582 169.703001 75.047600 0.000000 0.000000 128.772605 62.811108 36.739202 14.122631 1000.000000 1000.000000
5 1 2 0.000000 43.833608 418.259720 181.226158 416.755666 178.404003 20.000000 57.053472 1000.000000 34.953908 1000.000000 34.259332
5 1 3 0.000000 0.000000 421.240868 179.943550 0.000000 0.000000 20.000000 10.000000 1000.000000 1000.000000 1000.000000 1000.000000
5 1 4 0.000000 0.000000 1813.732730 792.855132 0.000000 0.000000 20.000000 10.000000 1000.000000 1000.000000 1000.000000 1000.000000
5 1 5 0.000000 49.389156 370.567117 157.024156 370.559569 157.020906 20.000000 64.271104 1000.000000 27.519384 1000.000000 27.518235
5 1 6 96.255937 43.278053 2000.000000 996.386269 0.000000 0.000000 125.231830 56.331738 43.680639 52.298134 1000.000000 1000.000000
5 1 7 95.346847 43.879962 1598.518379 682.695900 1598.415007 682.674570 124.050464 57.166660 109.766391 49.235757 109.745362 49.176155
5 1 8 94.711321 43.890121 107.692034 46.023278 107.695898 46.023644 124.046965 57.035359 15.320791 4.527822 15.318054 4.528040
5 1 9 0.000000 0.000000 0.000000 0.000000 0.000000 0.000000 20.000000 10.000000 1000.000000 1000.000000 1000.000000 1000.000000
5 2 1 0.000000 0.000000 0.000000 0.000000 0.000000 0.000000 20.000000 10.000000 1000.000000 1000.000000 1000.000000 1000.000000
5 2 2 88.387510 39.583976 96.981224 40.951988 92.006039 41.871761 114.595886 51.981687 13.914430 5.787797 6.461892 3.587470
5 2 3 0.000000 0.000000 0.000000 0.000000 0.000000 0.000000 20.000000 10.000000 1000.000000 1000.000000 1000.000000 1000.000000
5 2 4 0.000000 0.000000 0.000000 0.000000 0.000000 0.000000 20.000000 10.000000 1000.000000 1000.000000 1000.000000 1000.000000
5 2 5 92.394108 49.049541 228.379443 95.945234 228.379474 95.945364 121.684324 62.811533 44.002225 18.812686 44.001450 18.812145
5 2 6 0.000000 0.000000 0.000000 0.000000 0.000000 0.000000 20.000000 10.000000 1000.000000 1000.000000 1000.000000 1000.000000
5 2 7 97.272622 50.533168 164.655854 69.641069 164.656526 69.641257 128.772640 62.811125 29.914419 11.681018 29.914858 11.681129
5 2 8 0.000000 48.278046 819.607558 355.082732 820.562265 355.157039 20.000000 62.827540 1000.000000 37.529945 1000.000000 37.410392
5 2 9 0.000000 0.000000 0.000000 0.000000 0.000000 0.000000 20.000000 10.000000 1000.000000 1000.000000 1000.000000 1000.000000
6 1 1 89.256655 37.282296 1701.532508 45.328024 0.000000 0.000000 116.958677 51.981808 72.592776 6.751060 1000.000000 1000.000000
6 1 2 0.000000 0.000000 0.000000 0.000000 0.000000 0.000000 20.000000 10.000000 1000.000000 1000.000000 1000.000000 1000.000000
6 1 3 0.000000 0.000000 0.000000 0.000000 0.000000 0.000000 20.000000 10.000000 1000.000000 1000.000000 1000.000000 1000.000000
6 1 4 94.086499 36.902895 97.163522 43.242191 0.000000 0.000000 122.865608 51.981708 12.535969 3.781463 1000.000000 1000.000000
6 1 5 98.737210 42.688162 156.574536 66.735973 155.757773 66.677605 128.772577 57.035363 34.405055 11.738915 34.150332 12.594095
6 1 6 0.000000 0.000000 0.000000 0.000000 0.000000 0.000000 20.000000 10.000000 1000.000000 1000.000000 1000.000000 1000.000000
6 1 7 0.000000 0.000000 0.000000 0.000000 0.000000 0.000000 20.000000 10.000000 1000.000000 1000.000000 1000.000000 1000.000000
6 1 8 93.474618 44.352184 112.949541 50.781328 112.968975 50.760552 121.684159 57.035355 21.010511 7.719450 20.977012 7.702099
6 1 9 0.000000 0.000000 0.000000 0.000000 0.000000 0.000000 20.000000 10.000000 1000.000000 1000.000000 1000.000000 1000.000000
6 1 10 0.000000 0.000000 0.000000 0.000000 0.000000 0.000000 20.000000 10.000000 1000.000000 1000.000000 1000.000000 1000.000000
6 1 11 0.000000 0.000000 0.000000 0.000000 0.000000 0.000000 20.000000 10.000000 1000.000000 1000.000000 1000.000000 1000.000000
6 1 12 0.000000 0.000000 268.589744 124.547619 0.000000 0.000000 20.000000 10.000000 1000.000000 1000.000000 1000.000000 1000.000000
6 1 13 0.000000 0.000000 0.000000 0.000000 0.000000 0.000000 20.000000 10.000000 1000.000000 1000.000000 1000.000000 1000.000000
6 1 14 0.000000 0.000000 0.000000 0.000000 0.000000 0.000000 20.000000 10.000000 1000.000000 1000.000000 1000.000000 1000.000000
6 1 15 0.000000 0.000000 0.000000 0.000000 0.000000 0.000000 20.000000 10.000000 1000.000000 1000.000000 1000.000000 1000.000000
6 1 16 0.000000 0.000000 0.000000 0.000000 0.000000 0.000000 20.000000 10.000000 1000.000000 1000.000000 1000.000000 1000.000000
6 1 17 0.000000 0.000000 0.000000 0.000000 0.000000 0.000000 20.000000 10.000000 1000.000000 1000.000000 1000.000000 1000.000000
6 1 18 0.000000 0.000000 0.000000 0.000000 0.000000 0.000000 20.000000 10.000000 1000.000000 1000.000000 1000.000000 1000.000000
6 1 19 0.000000 0.000000 0.000000 0.000000 0.000000 0.000000 20.000000 10.000000 1000.000000 1000.000000 1000.000000 1000.000000
6 1 20 0.000000 0.000000 0.000000 0.000000 0.000000 0.000000 20.000000 10.000000 1000.000000 1000.000000 1000.000000 1000.000000
6 2 1 0.000000 0.000000 0.000000 0.000000 0.000000 0.000000 20.000000 10.000000 1000.000000 1000.000000 1000.000000 1000.000000
6 2 2 0.000000 0.000000 0.000000 0.000000 0.000000 0.000000 20.000000 10.000000 1000.000000 1000.000000 1000.000000 1000.000000
6 2 3 0.000000 0.000000 0.000000 0.000000 0.000000 0.000000 20.000000 10.000000 1000.000000 1000.000000 1000.000000 1000.000000
6 2 4 0.000000 0.000000 0.000022 83.118912 0.000000 0.000000 20.000000 10.000000 1000.000000 1000.000000 1000.000000 1000.000000
6 2 5 97.255306 37.094287 107.656200 44.018552 107.846877 44.002764 126.409760 51.981592 12.867435 3.872241 12.993186 3.866481
6 2 6 0.000000 0.000000 0.000000 0.000000 0.000000 0.000000 20.000000 10.000000 1000.000000 1000.000000 1000.000000 1000.000000
6 2 7 0.000000 0.000000 0.000000 0.000000 0.000000 0.000000 20.000000 10.000000 1000.000000 1000.000000 1000.000000 1000.000000
6 2 8 96.628915 51.786490 148.541879 64.054117 148.915706 64.296536 126.409763 62.811095 31.341257 11.683221 31.554080 12.051419
6 2 9 91.847246 39.064712 110.187638 46.602823 0.000000 0.000000 120.502760 51.981583 15.200166 5.226632 1000.000000 1000.000000
6 2 10 0.000000 0.000000 0.000000 0.000000 0.000000 0.000000 20.000000 10.000000 1000.000000 1000.000000 1000.000000 1000.000000
6 2 11 0.000000 0.000000 249.174603 124.789720 0.000000 0.000000 20.000000 10.000000 1000.000000 1000.000000 1000.000000 1000.000000
6 2 12 99.104940 48.060572 128.444371 54.779246 0.000000 0.000000 128.772840 62.811081 13.064774 5.101867 1000.000000 1000.000000
6 2 13 94.498165 38.012527 97.069276 0.006699 0.000000 0.000000 122.865614 51.981812 8.655836 11.625462 1000.000000 1000.000000
6 2 14 0.000000 0.000000 0.000000 0.000000 0.000000 0.000000 20.000000 10.000000 1000.000000 1000.000000 1000.000000 1000.000000
6 2 15 0.000000 0.000000 0.000000 0.000000 0.000000 0.000000 20.000000 10.000000 1000.000000 1000.000000 1000.000000 1000.000000
6 2 16 0.000000 0.000000 0.000000 0.000000 0.000000 0.000000 20.000000 10.000000 1000.000000 1000.000000 1000.000000 1000.000000
6 2 17 0.000000 0.000000 0.000000 0.000000 0.000000 0.000000 20.000000 10.000000 1000.000000 1000.000000 1000.000000 1000.000000
6 2 18 0.000000 0.000000 0.000000 0.000000 0.000000 0.000000 20.000000 10.000000 1000.000000 1000.000000 1000.000000 1000.000000
6 2 19 0.000000 0.000000 0.000000 0.000000 0.000000 0.000000 20.000000 10.000000 1000.000000 1000.000000 1000.000000 1000.000000
6 2 20 96.075038 36.503073 106.720526 0.000000 0.000000 0.000000 126.409772 51.981598 12.233275 0.000000 1000.000000 1000.000000
7 1 1 87.518980 37.325811 106.186589 45.946794 0.000000 0.000000 114.595764 51.981591 17.126645 5.286801 1000.000000 1000.000000
7 1 2 0.000000 0.000000 589.823521 268.699212 592.161238 261.448053 20.000000 10.000000 1000.000000 1000.000000 1000.000000 1000.000000
7 1 3 89.204051 45.339428 91.113064 0.000000 0.000000 0.000000 115.777274 57.035674 14.893785 0.000000 1000.000000 1000.000000
7 1 4 91.710488 40.497871 428.964183 191.516839 424.886783 190.498002 119.325004 52.724465 71.354980 32.256837 70.058817 31.344540
7 1 5 89.892309 39.944725 0.000000 1000.000000 0.000000 1000.000000 116.962279 51.991529 1000.000000 36.437557 1000.000000 36.431875
7 1 6 97.111715 35.116087 130.594720 55.635471 130.045056 55.934240 127.591162 51.981592 26.741688 8.398927 28.264097 9.230959
7 1 7 88.074129 42.164535 568.185821 256.967148 568.189827 256.975447 114.599556 54.889541 93.631538 42.973621 93.613732 42.949057
7 1 8 97.725011 51.520846 185.823432 80.967473 185.824419 80.967571 127.591184 62.811113 42.688525 16.691042 42.688724 16.691039
7 1 9 0.000000 0.000000 0.000000 0.000000 0.000000 0.000000 20.000000 10.000000 1000.000000 1000.000000 1000.000000 1000.000000
7 2 1 0.000000 0.000000 0.000000 0.000000 0.000000 0.000000 20.000000 10.000000 1000.000000 1000.000000 1000.000000 1000.000000
7 2 2 0.000000 0.000000 176.325758 80.198864 90.530901 28.611257 20.000000 10.000000 1000.000000 1000.000000 1000.000000 1000.000000
7 2 3 0.000000 0.000000 0.000000 0.000000 0.000000 0.000000 20.000000 10.000000 1000.000000 1000.000000 1000.000000 1000.000000
7 2 4 91.983923 37.236989 95.056222 48.068361 94.347459 11.657551 119.321441 51.981678 13.212378 12.031240 10.501281 13.177002
7 2 5 0.000000 44.389162 473.720175 200.013594 473.716669 200.021052 20.000000 57.775213 1000.000000 28.064554 1000.000000 28.040546
7 2 6 86.875423 39.487766 91.625796 41.572878 91.832885 41.622622 113.414368 51.981603 9.230790 3.564847 9.472789 3.597788
7 2 7 0.000000 0.000000 791.786162 356.163186 791.848080 356.172847 20.000000 10.000000 1000.000000 1000.000000 1000.000000 1000.000000
7 2 8 0.000000 48.278046 1694.708053 806.495410 1694.674906 806.499092 20.000000 62.827540 1000.000000 60.407398 1000.000000 60.388419
7 2 9 96.671366 37.815899 97.336927 41.500705 0.000000 0.000000 126.410077 51.981809 8.399362 3.517970 1000.000000 1000.000000
8 1 1 91.710488 43.833608 1999.999995 1000.000000 0.000000 0.000000 119.325004 57.053472 55.830879 44.110689 1000.000000 1000.000000
8 1 2 89.892309 41.053426 0.000000 1000.000000 0.000000 1000.000000 116.962279 53.446149 1000.000000 36.416857 1000.000000 36.336608
8 1 3 96.855137 50.607685 205.389444 87.999348 205.395376 88.002138 127.591947 62.811173 45.739934 17.593152 45.743223 17.596501
8 1 4 92.031535 37.281171 97.574457 43.840517 0.000006 44.199445 120.502779 51.981638 8.940249 4.263313 548.551689 4.921585
8 1 5 0.000000 39.944725 0.000000 0.000000 0.000000 0.000000 20.000000 52.001465 1000.000000 1000.000000 1000.000000 1000.000000
8 1 6 89.886401 47.956525 309.398801 134.307661 309.498065 134.316381 116.960486 62.811164 63.199028 27.536871 62.938428 27.512433
8 1 7 90.842802 44.186595 241.356779 45.115657 100.380971 0.634224 119.321379 57.035390 18.986261 4.580279 13.161553 12.672363
8 1 8 93.208593 44.500370 109.379605 47.838384 109.191482 47.683953 121.684161 57.035356 21.390125 6.863712 20.890420 6.757422
8 1 9 86.728065 48.768904 261.386229 115.128204 261.405215 115.163516 114.597226 62.813679 57.347024 25.873234 57.309675 25.788981
8 1 10 85.386378 38.812739 96.222195 43.055556 96.216349 43.051819 111.051572 51.981605 13.615955 4.446555 13.610528 4.443943
8 1 11 91.022573 34.840387 144.453692 58.411684 144.454916 58.412369 119.321362 51.981596 30.941764 10.285005 30.942231 10.285316
8 1 12 91.202318 45.551084 103.248554 45.817776 103.079686 45.653039 119.321370 57.035399 15.348005 5.059043 14.722114 4.863185
8 1 13 0.000000 0.000000 0.000000 0.000000 0.000000 0.000000 20.000000 10.000000 1000.000000 1000.000000 1000.000000 1000.000000
8 1 14 0.000000 0.000000 0.000000 0.000000 0.000000 0.000000 20.000000 10.000000 1000.000000 1000.000000 1000.000000 1000.000000
8 1 15 0.000000 0.000000 0.000000 0.000000 0.000000 0.000000 20.000000 10.000000 1000.000000 1000.000000 1000.000000 1000.000000
8 1 16 0.000000 0.000000 0.000000 0.000000 0.000000 0.000000 20.000000 10.000000 1000.000000 1000.000000 1000.000000 1000.000000
8 1 17 0.000000 0.000000 0.000000 0.000000 0.000000 0.000000 20.000000 10.000000 1000.000000 1000.000000 1000.000000 1000.000000
8 1 18 0.000000 0.000000 0.000000 0.000000 0.000000 0.000000 20.000000 10.000000 1000.000000 1000.000000 1000.000000 1000.000000
8 1 19 0.000000 0.000000 0.000000 0.000000 0.000000 0.000000 20.000000 10.000000 1000.000000 1000.000000 1000.000000 1000.000000
8 1 20 0.000000 0.000000 0.000000 0.000000 0.000000 0.000000 20.000000 10.000000 1000.000000 1000.000000 1000.000000 1000.000000
8 2 1 87.439049 39.757667 135.636497 0.000000 103.909801 37.152949 114.595889 51.981594 185.385381 514.974515 34.165219 23.249493
8 2 2 96.202648 50.515481 175.176872 74.211042 175.178076 74.212013 128.772776 62.811134 33.816587 13.169892 33.817173 13.170240
8 2 3 98.969133 49.848803 208.136476 87.929218 208.119248 87.931180 128.772578 62.811393 42.935482 19.124489 42.938503 19.116090
8 2 4 95.219458 37.215464 100.639152 43.008908 107.720430 42.467537 124.046962 51.981594 10.597604 3.337991 36.376662 3.296758
8 2 5 0.000000 49.389156 1026.175226 441.472991 1026.195348 441.478945 20.000000 64.271104 1000.000000 36.347095 1000.000000 36.338270
8 2 6 0.000000 45.500272 1503.815450 652.095135 1503.832433 652.107075 20.000000 59.218710 1000.000000 47.708023 1000.000000 47.683415
8 2 7 91.437764 52.931363 132.347887 57.920412 131.594079 57.800405 119.321362 62.811110 25.181072 8.924763 26.909433 10.132927
8 2 8 95.059029 52.249306 122.337570 52.875915 122.931108 53.075140 124.046958 62.811085 19.674664 7.100943 19.945301 6.795553
8 2 9 0.000000 41.611389 1889.602604 827.105293 1889.593713 827.108853 20.000000 54.166571 1000.000000 49.578580 1000.000000 49.574937
8 2 10 0.000000 48.833601 353.256675 154.110339 355.151103 155.255401 20.000000 63.549320 1000.000000 26.556315 1000.000000 26.582020
8 2 11 98.983207 40.500279 1339.101118 574.812287 1338.998916 574.751194 128.775933 52.723160 100.258713 44.825535 100.221137 44.849743
8 2 12 91.046570 35.438133 128.695727 55.438224 130.607488 56.160620 119.321362 51.981596 22.420800 8.148262 22.684091 8.207832
8 2 13 90.004143 50.124765 209.128233 88.069111 0.000000 0.000000 119.321565 62.811323 41.523082 18.202210 1000.000000 1000.000000
8 2 14 96.272007 39.591109 0.000002 43.577066 0.000000 0.000000 127.592591 51.981596 343.361245 3.628066 1000.000000 1000.000000
8 2 15 0.000000 0.000000 0.000000 0.000000 0.000000 0.000000 20.000000 10.000000 1000.000000 1000.000000 1000.000000 1000.000000
8 2 16 0.000000 0.000000 0.000000 0.000000 0.000000 0.000000 20.000000 10.000000 1000.000000 1000.000000 1000.000000 1000.000000
8 2 17 93.784536 38.067383 99.008990 42.704033 0.000000 0.000000 121.684175 51.981634 11.401069 3.921260 1000.000000 1000.000000
8 2 18 0.000000 0.000000 0.000000 0.000000 0.000000 0.000000 20.000000 10.000000 1000.000000 1000.000000 1000.000000 1000.000000
8 2 19 0.000000 0.000000 0.000000 0.000000 0.000000 0.000000 20.000000 10.000000 1000.000000 1000.000000 1000.000000 1000.000000
8 2 20 92.661539 37.072682 100.915598 43.440964 0.000000 0.000000 121.684167 51.981610 12.019622 3.337292 1000.000000 1000.000000
