72 5 7 88.250000 10 50 220 940 400
72 5 4 101.750000 10 50 219 940 400
72 5 6 221.769825 10 50 192 940 400
72 6 4 138.465757 10 50 249 940 400
72 3 1 149.492910 10 50 236 940 400
72 4 5 216.730665 10 50 231 940 400
72 6 6 197.601423 10 50 261 940 400
72 8 2 171.747230 10 50 262 940 400
72 8 4 200.000000 10 50 0 940 400
72 5 13 200.000000 10 50 0 940 400
72 5 12 205.813905 10 50 222 940 400
72 5 14 200.000000 10 50 0 940 400
72 6 9 212.378030 10 50 209 940 400
72 3 15 186.063757 10 50 204 940 400
72 4 12 200.000000 10 50 0 940 400
72 6 11 207.842541 10 50 194 940 400
72 8 10 206.625812 10 50 248 940 400
72 8 8 212.431308 10 50 204 940 400
72 3 0 164.482076 10 50 0 940 400
72 4 6 194.848804 10 50 0 940 400
72 17 0 207.391267 10 50 192 940 400
72 19 1 195.777280 10 50 222 940 400
72 4 7 207.247299 10 50 0 940 400
72 6 7 186.194303 10 50 210 940 400
72 16 0 177.633054 10 50 223 940 400
72 17 1 222.616503 10 50 0 940 400
72 5 5 210.242658 10 50 221 940 400
72 7 7 210.591671 10 50 0 940 400
72 15 0 214.803998 10 50 258 940 400
72 16 1 200.085141 10 50 274 940 400
72 8 7 199.251251 10 50 197 940 400
72 8 6 200.000000 10 50 0 940 400
72 7 5 212.468403 10 50 224 940 400
72 7 6 200.000000 10 50 0 940 400
72 14 3 200.000000 10 50 0 940 400
72 14 4 200.000000 10 50 0 940 400
72 14 7 200.000000 10 50 0 940 400
72 14 6 223.967969 10 50 194 940 400
72 3 14 196.072024 10 50 0 940 400
72 4 15 221.620426 10 50 215 940 400
72 17 8 211.978525 10 50 189 940 400
72 19 9 185.811268 10 50 245 940 400
72 4 14 178.360320 10 50 233 940 400
72 6 8 219.706404 10 50 217 940 400
72 16 9 198.154957 10 50 232 940 400
72 18 14 195.057282 10 50 224 940 400
72 5 15 208.530439 10 50 218 940 400
72 7 10 230.774494 10 50 0 940 400
72 15 8 204.181382 10 50 212 940 400
72 16 8 221.531119 10 50 230 940 400
72 8 11 210.723422 10 50 203 940 400
72 8 12 200.000000 10 50 0 940 400
72 7 8 215.947284 10 50 197 940 400
72 7 9 200.000000 10 50 0 940 400
72 14 9 202.122457 10 50 187 940 400
72 14 8 200.000000 10 50 0 940 400
72 14 12 200.000000 10 50 0 940 400
72 14 11 206.241020 10 50 200 940 400
72 17 4 204.096746 10 50 241 940 400
72 17 2 193.816637 10 50 210 940 400
72 17 3 179.142236 10 50 244 940 400
72 16 3 178.585137 10 50 232 940 400
72 15 1 194.268091 10 50 0 940 400
72 16 2 210.979662 10 50 259 940 400
72 18 6 208.411500 10 50 201 940 400
72 13 5 209.596988 10 50 192 940 400
72 13 7 200.000000 10 50 0 940 400
72 17 10 212.664302 10 50 226 940 400
72 17 11 200.000000 10 50 0 940 400
72 17 9 182.424548 10 50 190 940 400
72 16 10 151.831130 10 50 0 940 400
72 15 9 202.685730 10 50 247 940 400
72 16 11 207.692495 10 50 246 940 400
72 18 15 201.528291 10 50 224 940 400
72 13 8 240.682242 10 50 263 940 400
72 13 10 179.867661 10 50 203 940 400
72 19 3 220.659683 10 50 0 940 400
72 18 2 193.993211 10 50 265 940 400
72 19 4 238.128591 10 50 0 940 400
72 17 5 180.855668 10 50 224 940 400
72 18 5 187.326964 10 50 193 940 400
72 17 6 193.763702 10 50 231 940 400
72 18 4 193.984419 10 50 226 940 400
72 16 4 199.565685 10 50 0 940 400
72 14 2 203.771570 10 50 247 940 400
72 14 5 200.214866 10 50 195 940 400
72 18 7 209.629528 10 50 207 940 400
72 15 2 185.095640 10 50 193 940 400
72 13 6 229.181371 10 50 0 940 400
72 10 3 200.000000 10 50 0 940 400
72 10 2 200.000000 10 50 0 940 400
72 10 4 203.383606 10 50 238 940 400
72 10 5 200.000000 10 50 0 940 400
72 10 7 200.000000 10 50 0 940 400
72 10 6 210.998737 10 50 219 940 400
72 14 1 200.000000 10 50 0 940 400
72 19 11 191.834950 10 50 164 940 400
72 18 11 243.442663 10 50 253 940 400
72 19 12 203.711127 10 50 251 940 400
72 17 13 200.441094 10 50 204 940 400
72 18 12 198.672437 10 50 210 940 400
72 17 12 179.210928 10 50 267 940 400
72 18 10 189.233608 10 50 0 940 400
72 16 13 206.577433 10 50 227 940 400
72 14 10 179.114138 10 50 245 940 400
72 14 13 239.841116 10 50 181 940 400
72 18 13 182.469662 10 50 261 940 400
72 15 10 179.621797 10 50 212 940 400
72 13 9 204.206750 10 50 194 940 400
72 10 11 200.000000 10 50 0 940 400
72 10 10 200.000000 10 50 0 940 400
72 10 13 201.899180 10 50 213 940 400
72 10 12 200.000000 10 50 0 940 400
72 10 15 200.000000 10 50 0 940 400
72 10 14 186.901153 10 50 0 940 400
72 14 14 232.120714 10 50 188 940 400
72 15 6 222.125000 10 50 258 940 400
72 4 0 199.192225 10 50 218 940 400
72 15 7 206.970457 10 50 224 940 400
72 17 7 172.969143 10 50 210 940 400
72 16 6 196.682314 10 50 249 940 400
72 16 5 200.858333 10 50 204 940 400
72 16 7 194.736428 10 50 0 940 400
72 15 5 207.424526 10 50 225 940 400
72 14 0 200.000000 10 50 0 940 400
72 15 14 200.000000 10 50 0 940 400
72 4 9 169.468938 10 50 205 940 400
72 15 15 200.000000 10 50 0 940 400
72 17 14 200.000000 10 50 0 940 400
72 16 15 151.993351 10 50 253 940 400
72 16 12 200.000000 10 50 0 940 400
72 16 14 175.036764 10 50 258 940 400
72 15 13 206.270762 10 50 187 940 400
72 14 15 200.000000 10 50 0 940 400
72 3 6 208.552356 10 50 193 940 400
72 13 3 200.000000 10 50 0 940 400
72 9 7 200.000000 10 50 0 940 400
72 18 1 198.859349 10 50 189 940 400
72 18 0 213.795917 10 50 217 940 400
72 13 4 200.000000 10 50 0 940 400
72 9 2 200.000000 10 50 0 940 400
72 4 1 274.450124 10 50 226 940 400
72 3 7 200.000000 10 50 0 940 400
72 13 2 200.000000 10 50 0 940 400
72 7 0 200.000000 10 50 0 940 400
72 19 6 212.051531 10 50 0 940 400
72 13 0 200.000000 10 50 0 940 400
72 13 1 200.000000 10 50 0 940 400
72 15 4 200.000000 10 50 0 940 400
72 15 3 200.000000 10 50 0 940 400
72 7 1 200.000000 10 50 0 940 400
72 7 2 210.666562 10 50 0 940 400
72 9 4 200.000000 10 50 0 940 400
72 9 3 194.243472 10 50 0 940 400
72 3 8 200.000000 10 50 0 940 400
72 13 15 200.000000 10 50 0 940 400
72 9 15 200.000000 10 50 0 940 400
72 18 8 224.961853 10 50 204 940 400
72 17 15 203.348615 10 50 189 940 400
72 13 12 200.000000 10 50 0 940 400
72 9 10 200.000000 10 50 0 940 400
72 4 8 191.947631 10 50 265 940 400
72 3 9 196.854864 10 50 188 940 400
72 13 11 200.000000 10 50 0 940 400
72 7 15 220.379734 10 50 0 940 400
72 19 14 161.451191 10 50 244 940 400
72 13 14 211.287538 10 50 197 940 400
72 13 13 200.000000 10 50 0 940 400
72 15 11 200.000000 10 50 0 940 400
72 15 12 200.000000 10 50 0 940 400
72 7 13 200.000000 10 50 0 940 400
72 7 14 200.000000 10 50 0 940 400
72 9 13 200.000000 10 50 0 940 400
72 9 14 177.662990 10 50 186 940 400
72 6 2 185.541818 10 50 190 940 400
72 5 2 224.729092 10 50 0 940 400
72 6 1 200.434111 10 50 235 940 400
72 5 0 209.244819 10 50 235 940 400
72 6 0 190.205537 10 50 241 940 400
72 18 3 187.834308 10 50 202 940 400
72 5 1 188.210244 10 50 0 940 400
72 7 3 202.839522 10 50 263 940 400
72 8 1 200.000000 10 50 0 940 400
72 6 15 200.000000 10 50 0 940 400
72 5 11 216.965083 10 50 0 940 400
72 6 14 200.000000 10 50 0 940 400
72 5 9 223.561104 10 50 202 940 400
72 6 13 222.981288 10 50 210 940 400
72 18 9 211.056362 10 50 201 940 400
72 5 8 196.180928 10 50 238 940 400
72 7 12 206.109003 10 50 212 940 400
72 8 13 197.864958 10 50 193 940 400
72 5 3 194.497601 10 50 204 940 400
72 3 4 210.961719 10 50 0 940 400
72 3 5 239.806220 10 50 258 940 400
72 3 3 170.151501 10 50 193 940 400
72 6 3 181.603677 10 50 210 940 400
72 4 3 173.264688 10 50 249 940 400
72 4 2 365.694819 10 50 223 940 400
72 3 2 191.847174 10 50 227 940 400
72 6 5 203.759024 10 50 257 940 400
72 4 4 203.111715 10 50 198 940 400
72 8 5 202.357031 10 50 177 940 400
72 7 4 206.555815 10 50 228 940 400
72 8 0 200.000000 10 50 0 940 400
72 9 5 200.000000 10 50 0 940 400
72 9 6 200.000000 10 50 0 940 400
72 9 0 200.000000 10 50 0 940 400
72 9 1 200.000000 10 50 0 940 400
72 10 1 200.000000 10 50 0 940 400
72 10 0 192.728210 10 50 0 940 400
72 8 3 200.000000 10 50 0 940 400
72 5 10 224.439271 10 50 190 940 400
72 3 10 172.984311 10 50 258 940 400
72 3 11 171.275116 10 50 255 940 400
72 3 13 176.580991 10 50 190 940 400
72 6 10 214.041854 10 50 202 940 400
72 4 10 221.742992 10 50 0 940 400
72 4 11 200.065218 10 50 270 940 400
72 3 12 192.668932 10 50 222 940 400
72 6 12 168.465191 10 50 0 940 400
72 4 13 201.489530 10 50 206 940 400
72 8 15 192.114819 10 50 207 940 400
72 7 11 223.760545 10 50 188 940 400
72 8 14 227.106615 10 50 253 940 400
72 9 12 171.500000 10 50 195 940 400
72 9 11 200.000000 10 50 0 940 400
72 9 9 188.375000 10 50 0 940 400
72 9 8 208.865727 10 50 194 940 400
72 10 8 200.000000 10 50 0 940 400
72 10 9 200.000000 10 50 0 940 400
72 8 9 211.908135 10 50 188 940 400
