#
# File generated automatically by FTHodo Calib at  04-05-2018_02.16.58_AM
#
FADC250_CRATE adcft3
FADC250_SLOT 3
FADC250_ALLCH_PED 164.482 149.493 191.847 170.152 210.962 239.806 208.552 500.000 500.000 196.855 172.984 171.275 192.669 176.581 196.072 186.064
FADC250_SLOT 4
FADC250_ALLCH_PED 199.192 274.450 365.695 173.265 203.112 216.731 194.849 207.247 191.948 169.469 221.743 200.065 500.000 201.490 178.360 221.620
FADC250_SLOT 5
FADC250_ALLCH_PED 209.245 188.210 224.729 194.498 101.750 210.243 221.770 88.250 196.181 223.561 224.439 216.965 205.814 500.000 500.000 208.530
FADC250_SLOT 6
FADC250_ALLCH_PED 190.206 200.434 185.542 181.604 138.466 203.759 197.601 186.194 219.706 212.378 214.042 207.843 168.465 222.981 500.000 500.000
FADC250_SLOT 7
FADC250_ALLCH_PED 500.000 500.000 210.667 202.840 206.556 212.468 500.000 210.592 215.947 500.000 230.774 223.761 206.109 500.000 500.000 220.380
FADC250_SLOT 8
FADC250_ALLCH_PED 500.000 500.000 171.747 500.000 500.000 202.357 500.000 199.251 212.431 211.908 206.626 210.723 500.000 197.865 227.107 192.115
FADC250_SLOT 9
FADC250_ALLCH_PED 500.000 500.000 500.000 194.243 500.000 500.000 500.000 500.000 208.866 188.375 500.000 500.000 171.500 500.000 177.663 500.000
FADC250_SLOT 10
FADC250_ALLCH_PED 192.728 500.000 500.000 500.000 203.384 500.000 210.999 500.000 500.000 500.000 500.000 500.000 500.000 201.899 186.901 500.000
FADC250_SLOT 13
FADC250_ALLCH_PED 500.000 500.000 500.000 500.000 500.000 209.597 229.181 500.000 240.682 204.207 179.868 500.000 500.000 500.000 211.288 500.000
FADC250_SLOT 14
FADC250_ALLCH_PED 500.000 500.000 203.772 500.000 500.000 200.215 223.968 500.000 500.000 202.122 179.114 206.241 500.000 239.841 232.121 500.000
FADC250_SLOT 15
FADC250_ALLCH_PED 214.804 194.268 185.096 500.000 500.000 207.425 222.125 206.970 204.181 202.686 179.622 500.000 500.000 206.271 500.000 500.000
FADC250_SLOT 16
FADC250_ALLCH_PED 177.633 200.085 210.980 178.585 199.566 200.858 196.682 194.736 221.531 198.155 151.831 207.692 500.000 206.577 175.037 151.993
FADC250_SLOT 17
FADC250_ALLCH_PED 207.391 222.617 193.817 179.142 204.097 180.856 193.764 172.969 211.979 182.425 212.664 500.000 179.211 200.441 500.000 203.349
FADC250_SLOT 18
FADC250_ALLCH_PED 213.796 198.859 193.993 187.834 193.984 187.327 208.411 209.630 224.962 211.056 189.234 243.443 198.672 182.470 195.057 201.528
FADC250_SLOT 19
FADC250_ALLCH_PED 500.000 195.777 500.000 220.660 238.129 500.000 212.052 500.000 500.000 185.811 500.000 191.835 203.711 500.000 161.451 500.000
FADC250_CRATE end
