1 1 1 0.000 1.200
1 1 2 302.466 1.200
1 1 3 0.000 1.200
1 1 4 816.317 1.200
1 1 5 1563.911 1.200
1 1 6 0.000 1.200
1 1 7 313.897 1.200
1 1 8 191.838 1.200
1 1 9 0.000 1.200
1 2 1 0.000 2.650
1 2 2 109.518 2.650
1 2 3 0.000 2.650
1 2 4 524.721 2.650
1 2 5 512.524 2.650
1 2 6 0.000 2.650
1 2 7 436.345 2.650
1 2 8 251.324 2.650
1 2 9 0.000 2.650
2 1 1 1493.154 1.200
2 1 2 1523.523 1.200
2 1 3 97.652 1.200
2 1 4 121.894 1.200
2 1 5 3293.499 1.200
2 1 6 2596.024 1.200
2 1 7 104.560 1.200
2 1 8 511.757 1.200
2 1 9 183.880 1.200
2 1 10 2392.225 1.200
2 1 11 246.253 1.200
2 1 12 132.835 1.200
2 1 13 0.000 1.200
2 1 14 0.000 1.200
2 1 15 106.531 1.200
2 1 16 0.000 1.200
2 1 17 0.000 1.200
2 1 18 0.000 1.200
2 1 19 0.000 1.200
2 1 20 102.573 1.200
2 2 1 637.001 2.650
2 2 2 1018.078 2.650
2 2 3 107.296 2.650
2 2 4 276.732 2.650
2 2 5 2186.070 2.650
2 2 6 1958.036 2.650
2 2 7 969.895 2.650
2 2 8 2125.982 2.650
2 2 9 382.185 2.650
2 2 10 402.547 2.650
2 2 11 434.207 2.650
2 2 12 437.340 2.650
2 2 13 0.000 2.650
2 2 14 0.000 2.650
2 2 15 531.217 2.650
2 2 16 0.000 2.650
2 2 17 0.000 2.650
2 2 18 0.000 2.650
2 2 19 0.000 2.650
2 2 20 100.867 2.650
3 1 1 631.875 1.200
3 1 2 0.000 1.200
3 1 3 270.922 1.200
3 1 4 2446.532 1.200
3 1 5 3593.179 1.200
3 1 6 216.367 1.200
3 1 7 3015.197 1.200
3 1 8 118.628 1.200
3 1 9 0.000 1.200
3 2 1 102.450 2.650
3 2 2 0.000 2.650
3 2 3 99.825 2.650
3 2 4 1097.748 2.650
3 2 5 915.869 2.650
3 2 6 206.943 2.650
3 2 7 1441.437 2.650
3 2 8 261.840 2.650
3 2 9 0.000 2.650
4 1 1 1594.148 1.200
4 1 2 189.213 1.200
4 1 3 574.624 1.200
4 1 4 2145.296 1.200
4 1 5 1689.347 1.200
4 1 6 343.868 1.200
4 1 7 108.474 1.200
4 1 8 515.502 1.200
4 1 9 291.966 1.200
4 1 10 102.147 1.200
4 1 11 4.567 1.200
4 1 12 102.071 1.200
4 1 13 0.000 1.200
4 1 14 0.000 1.200
4 1 15 0.000 1.200
4 1 16 96.440 1.200
4 1 17 0.000 1.200
4 1 18 0.000 1.200
4 1 19 0.000 1.200
4 1 20 0.000 1.200
4 2 1 98.623 2.650
4 2 2 208.097 2.650
4 2 3 133.486 2.650
4 2 4 99.758 2.650
4 2 5 320.333 2.650
4 2 6 133.216 2.650
4 2 7 786.560 2.650
4 2 8 782.078 2.650
4 2 9 254.469 2.650
4 2 10 377.936 2.650
4 2 11 148.214 2.650
4 2 12 758.129 2.650
4 2 13 0.000 2.650
4 2 14 0.000 2.650
4 2 15 0.000 2.650
4 2 16 161.207 2.650
4 2 17 0.000 2.650
4 2 18 0.000 2.650
4 2 19 0.000 2.650
4 2 20 0.000 2.650
5 1 1 0.000 1.200
5 1 2 411.818 1.200
5 1 3 0.000 1.200
5 1 4 0.000 1.200
5 1 5 370.030 1.200
5 1 6 0.000 1.200
5 1 7 1599.146 1.200
5 1 8 107.738 1.200
5 1 9 0.000 1.200
5 2 1 0.000 2.650
5 2 2 276.038 2.650
5 2 3 0.000 2.650
5 2 4 0.000 2.650
5 2 5 225.793 2.650
5 2 6 0.000 2.650
5 2 7 165.402 2.650
5 2 8 826.474 2.650
5 2 9 0.000 2.650
6 1 1 0.000 1.200
6 1 2 0.000 1.200
6 1 3 0.000 1.200
6 1 4 0.000 1.200
6 1 5 159.814 1.200
6 1 6 0.000 1.200
6 1 7 0.000 1.200
6 1 8 112.793 1.200
6 1 9 0.000 1.200
6 1 10 0.000 1.200
6 1 11 0.000 1.200
6 1 12 0.000 1.200
6 1 13 0.000 1.200
6 1 14 0.000 1.200
6 1 15 0.000 1.200
6 1 16 0.000 1.200
6 1 17 0.000 1.200
6 1 18 0.000 1.200
6 1 19 0.000 1.200
6 1 20 0.000 1.200
6 2 1 0.000 2.650
6 2 2 0.000 2.650
6 2 3 0.000 2.650
6 2 4 0.000 2.650
6 2 5 108.751 2.650
6 2 6 0.000 2.650
6 2 7 0.000 2.650
6 2 8 149.877 2.650
6 2 9 0.000 2.650
6 2 10 0.000 2.650
6 2 11 0.000 2.650
6 2 12 0.000 2.650
6 2 13 0.000 2.650
6 2 14 0.000 2.650
6 2 15 0.000 2.650
6 2 16 0.000 2.650
6 2 17 0.000 2.650
6 2 18 0.000 2.650
6 2 19 0.000 2.650
6 2 20 0.000 2.650
7 1 1 0.000 1.200
7 1 2 588.617 1.200
7 1 3 0.000 1.200
7 1 4 430.231 1.200
7 1 5 2647.508 1.200
7 1 6 128.561 1.200
7 1 7 570.339 1.200
7 1 8 185.316 1.200
7 1 9 0.000 1.200
7 2 1 0.000 2.650
7 2 2 115.930 2.650
7 2 3 0.000 2.650
7 2 4 94.973 2.650
7 2 5 476.039 2.650
7 2 6 92.278 2.650
7 2 7 798.601 2.650
7 2 8 1705.430 2.650
7 2 9 0.000 2.650
8 1 1 2396.435 1.200
8 1 2 2513.447 1.200
8 1 3 205.274 1.200
8 1 4 96.318 1.200
8 1 5 3207.388 1.200
8 1 6 306.779 1.200
8 1 7 102.357 1.200
8 1 8 109.668 1.200
8 1 9 264.108 1.200
8 1 10 96.049 1.200
8 1 11 143.444 1.200
8 1 12 102.923 1.200
8 1 13 0.000 1.200
8 1 14 0.000 1.200
8 1 15 0.000 1.200
8 1 16 0.000 1.200
8 1 17 0.000 1.200
8 1 18 0.000 1.200
8 1 19 0.000 1.200
8 1 20 0.000 1.200
8 2 1 93.985 2.650
8 2 2 173.798 2.650
8 2 3 210.499 2.650
8 2 4 297.860 2.650
8 2 5 1040.160 2.650
8 2 6 1516.477 2.650
8 2 7 133.301 2.650
8 2 8 123.701 2.650
8 2 9 1908.860 2.650
8 2 10 356.457 2.650
8 2 11 1347.727 2.650
8 2 12 129.404 2.650
8 2 13 0.000 2.650
8 2 14 0.000 2.650
8 2 15 0.000 2.650
8 2 16 0.000 2.650
8 2 17 0.000 2.650
8 2 18 0.000 2.650
8 2 19 0.000 2.650
8 2 20 0.000 2.650
