1 1 1 90.240802 43.119733 96.153074 45.663280 0.000000 0.000000 118.139992 57.035406 13.974152 4.015719 1000.000000 1000.000000
1 1 2 87.837647 42.861968 302.754569 137.589999 302.466190 137.169589 114.595903 57.038990 66.504258 29.730571 67.245960 30.662119
1 1 3 87.911440 37.637077 99.158050 44.149109 0.000000 0.000000 114.595770 51.981597 17.351010 4.605047 1000.000000 1000.000000
1 1 4 0.000000 48.833601 816.314627 346.858239 816.317289 346.864586 20.000000 63.549320 1000.000000 40.925779 1000.000000 40.910391
1 1 5 0.000000 46.111550 1563.913138 669.113278 1563.911051 669.113512 20.000000 60.657201 1000.000000 53.825134 1000.000000 53.820294
1 1 6 93.411594 45.297533 103.642997 44.446523 0.000000 0.000000 121.684161 57.035358 14.837738 4.622961 1000.000000 1000.000000
1 1 7 96.063320 51.167387 313.896343 137.601477 313.897180 137.602450 125.236038 64.257855 67.930332 30.160946 67.929945 30.160723
1 1 8 99.024682 51.187036 191.838727 81.046430 191.838435 81.046458 128.772575 62.811121 42.199218 17.257039 42.200235 17.257540
1 1 9 0.000000 0.000000 0.000000 0.000000 0.000000 0.000000 20.000000 10.000000 1000.000000 1000.000000 1000.000000 1000.000000
1 2 1 0.000000 0.000000 0.000000 0.000000 0.000000 0.000000 20.000000 10.000000 1000.000000 1000.000000 1000.000000 1000.000000
1 2 2 96.703128 43.385379 109.517646 48.379311 109.517539 48.379655 126.409760 57.035352 14.493804 5.102725 14.494056 5.103023
1 2 3 0.000000 0.000000 0.000000 0.000000 0.000000 0.000000 20.000000 10.000000 1000.000000 1000.000000 1000.000000 1000.000000
1 2 4 90.801398 40.832769 524.718989 230.020404 524.720822 230.021691 118.143641 54.184030 66.241566 29.761628 66.232329 29.757469
1 2 5 91.710488 39.942317 512.520266 217.095384 512.523688 217.097498 119.325004 52.002788 62.382292 27.313077 62.366238 27.305762
1 2 6 0.000000 0.000000 0.000000 0.000000 0.000000 0.000000 20.000000 10.000000 1000.000000 1000.000000 1000.000000 1000.000000
1 2 7 76.255967 38.054862 436.344788 185.348086 436.344553 185.347395 99.241948 50.577366 62.816805 27.275558 62.810163 27.273571
1 2 8 97.784466 48.558019 251.339636 105.148346 251.324286 105.142814 126.427673 62.813377 45.971990 19.753330 45.959194 19.743343
1 2 9 95.571503 39.964734 94.949365 31.477578 0.000000 0.000000 125.228420 51.981604 9.912229 31.730502 1000.000000 1000.000000
2 1 1 0.000000 0.000000 1493.152365 645.421346 1493.153941 645.423389 20.000000 10.000000 1000.000000 1000.000000 1000.000000 1000.000000
2 1 2 0.000000 0.000000 1523.522701 661.227259 1523.522795 661.226170 20.000000 10.000000 1000.000000 1000.000000 1000.000000 1000.000000
2 1 3 94.376720 37.536160 97.981037 42.816296 97.652195 42.870165 122.865581 51.981659 12.709489 3.775256 12.498629 3.529766
2 1 4 98.272014 43.451194 121.894098 52.171623 121.893517 52.170569 127.591164 57.035352 21.136741 7.014042 21.136555 7.013591
2 1 5 0.000000 0.000000 3293.491555 1427.880164 3293.499135 1427.880805 20.000000 10.000000 1000.000000 1000.000000 1000.000000 1000.000000
2 1 6 88.983219 41.053426 2596.018214 1135.833765 2596.023556 1135.836334 115.780917 53.446149 151.745156 69.398560 151.737888 69.394860
2 1 7 96.326489 43.696287 104.560524 47.182101 104.560433 47.179591 126.409788 57.035378 17.729858 5.802221 17.729672 5.798821
2 1 8 0.000000 0.000000 511.758946 218.699954 511.756531 218.698485 20.000000 10.000000 1000.000000 1000.000000 1000.000000 1000.000000
2 1 9 90.574583 43.257727 183.868866 83.359152 183.879686 83.333786 118.139972 57.035376 49.413118 19.266642 49.270168 20.518779
2 1 10 0.000000 0.000000 2392.217333 1045.684734 2392.225001 1045.686052 20.000000 10.000000 1000.000000 1000.000000 1000.000000 1000.000000
2 1 11 92.225508 50.519054 246.251250 103.424115 246.252656 103.424597 120.502916 62.812583 55.337760 24.374110 55.336255 24.373579
2 1 12 91.540369 53.564903 132.851368 56.894175 132.835318 56.583328 119.321363 62.811085 32.944876 11.241414 32.913887 10.755480
2 1 13 92.537176 38.665558 101.859770 47.270515 0.000000 0.000000 120.502784 51.981618 12.209741 23.787254 1000.000000 1000.000000
2 1 14 0.000000 0.000000 0.000000 0.000000 0.000000 0.000000 20.000000 10.000000 1000.000000 1000.000000 1000.000000 1000.000000
2 1 15 94.465621 43.783640 120.766997 53.135809 106.531465 54.661384 122.865559 57.035352 21.233013 7.821877 38.823884 8.303478
2 1 16 0.000000 0.000000 0.000000 0.000000 0.000000 0.000000 20.000000 10.000000 1000.000000 1000.000000 1000.000000 1000.000000
2 1 17 0.000000 0.000000 0.000000 0.000000 0.000000 0.000000 20.000000 10.000000 1000.000000 1000.000000 1000.000000 1000.000000
2 1 18 0.000000 0.000000 0.000000 0.000000 0.000000 0.000000 20.000000 10.000000 1000.000000 1000.000000 1000.000000 1000.000000
2 1 19 0.000000 0.000000 0.000000 0.000000 0.000000 0.000000 20.000000 10.000000 1000.000000 1000.000000 1000.000000 1000.000000
2 1 20 93.442267 37.969244 106.257445 45.549493 102.573307 46.248654 121.684170 51.981598 19.296551 5.477296 16.333027 5.996529
2 2 1 0.000000 0.000000 637.001783 271.769054 637.001000 271.768421 20.000000 10.000000 1000.000000 1000.000000 1000.000000 1000.000000
2 2 2 90.801398 42.166943 1018.082818 442.595024 1018.077514 442.614498 118.143641 54.888287 108.047278 48.705370 108.060430 48.662414
2 2 3 97.375063 37.078624 107.766043 44.426554 107.295646 44.759690 126.409759 51.981589 13.332725 3.929366 13.822943 8.691431
2 2 4 95.346847 48.051958 276.550371 115.578602 276.731613 115.685501 124.050464 62.811248 45.378612 19.599671 45.544616 19.629987
2 2 5 0.000000 45.550910 2186.063813 968.414870 2186.069654 968.418846 20.000000 60.796207 1000.000000 51.970100 1000.000000 51.963263
2 2 6 88.983219 42.453182 1958.031183 861.242277 1958.036243 861.242122 115.780917 57.622870 115.681434 52.902856 115.669889 52.900258
2 2 7 0.000000 45.500272 968.886667 424.986601 969.894990 425.707509 20.000000 59.218710 1000.000000 33.658531 1000.000000 33.333883
2 2 8 98.983207 43.831199 2125.981015 920.967774 2125.981927 920.968108 128.775933 57.054679 106.650403 48.259089 106.648487 48.258320
2 2 9 90.801398 42.722498 382.217620 169.124251 382.185233 169.105905 118.143641 55.610009 59.235521 26.813146 59.183860 26.788638
2 2 10 0.000000 0.000000 402.494488 195.809887 402.547123 195.821767 20.000000 10.000000 1000.000000 1000.000000 1000.000000 1000.000000
2 2 11 0.000000 41.611389 434.215734 181.029111 434.207382 181.028480 20.000000 54.166571 1000.000000 25.891268 1000.000000 25.878141
2 2 12 0.000000 44.944717 437.006870 185.011108 437.340124 185.187524 20.000000 58.496959 1000.000000 24.788790 1000.000000 24.757538
2 2 13 90.733309 39.804980 97.974805 41.488083 0.000000 0.000000 118.139989 51.981617 8.262764 3.150649 1000.000000 1000.000000
2 2 14 0.000000 0.000000 0.000000 0.000000 0.000000 0.000000 20.000000 10.000000 1000.000000 1000.000000 1000.000000 1000.000000
2 2 15 88.890336 38.487362 33.195209 22.126161 531.216950 42.734212 116.958653 51.981710 71.391301 19.710701 20.134923 2.991581
2 2 16 0.000000 0.000000 0.000000 0.000000 0.000000 0.000000 20.000000 10.000000 1000.000000 1000.000000 1000.000000 1000.000000
2 2 17 87.736889 36.533027 100.391367 44.295889 0.000000 0.000000 114.595776 51.981768 15.780383 4.608357 1000.000000 1000.000000
2 2 18 0.000000 0.000000 0.000000 0.000000 0.000000 0.000000 20.000000 10.000000 1000.000000 1000.000000 1000.000000 1000.000000
2 2 19 0.000000 0.000000 0.000000 0.000000 0.000000 0.000000 20.000000 10.000000 1000.000000 1000.000000 1000.000000 1000.000000
2 2 20 87.412455 39.083500 100.904412 42.128312 100.866689 42.190152 114.595764 51.981594 11.564948 3.738112 11.155689 4.011412
3 1 1 0.000000 47.166937 635.325369 276.155638 631.875345 275.712361 20.000000 61.383994 1000.000000 38.231704 1000.000000 40.655449
3 1 2 95.346838 41.053398 607.719331 260.186126 0.000000 0.000000 124.050465 53.446170 83.554320 36.548906 1000.000000 1000.000000
3 1 3 96.175085 47.779207 273.305245 115.909392 270.921763 115.759462 125.231764 62.813514 56.758961 24.129427 56.113669 24.164501
3 1 4 0.000000 45.500263 2446.518096 1058.188789 2446.531664 1058.192549 20.000000 59.218728 1000.000000 63.860092 1000.000000 63.851278
3 1 5 0.000000 0.000000 3593.179080 1556.792785 3593.179151 1556.792776 20.000000 10.000000 1000.000000 1000.000000 1000.000000 1000.000000
3 1 6 94.429854 50.642240 216.368714 92.502938 216.367022 92.501393 124.046999 62.811285 49.579479 19.375261 49.579154 19.374856
3 1 7 90.000635 39.386762 3015.186495 1297.591676 3015.197172 1297.595284 118.246113 51.281120 147.773972 66.695001 147.759481 66.690034
3 1 8 94.833325 37.516896 118.632171 48.197510 118.627754 48.117495 124.046959 51.981588 21.913693 6.725761 21.909978 6.659572
3 1 9 0.000000 0.000000 0.000000 0.000000 0.000000 0.000000 20.000000 10.000000 1000.000000 1000.000000 1000.000000 1000.000000
3 2 1 97.180510 44.311904 102.450180 31.964914 102.450096 43.706642 128.778405 57.035598 9.146941 15.595457 9.146989 2.392833
3 2 2 0.000000 0.000000 0.000000 0.000000 0.000000 0.000000 20.000000 10.000000 1000.000000 1000.000000 1000.000000 1000.000000
3 2 3 90.686754 37.172921 99.853161 42.872473 99.825018 42.872385 118.139992 51.981657 9.421066 3.058822 9.401917 3.058693
3 2 4 0.000000 0.000000 1097.761882 466.955364 1097.748077 466.954222 20.000000 10.000000 1000.000000 1000.000000 1000.000000 1000.000000
3 2 5 0.000000 48.278046 915.880576 385.095952 915.868550 385.096610 20.000000 62.827540 1000.000000 33.965959 1000.000000 33.942511
3 2 6 98.768832 48.227589 206.941127 86.670301 206.942903 86.669430 128.772621 62.811635 35.485929 15.164151 35.485669 15.164704
3 2 7 0.000000 43.833599 1441.424458 617.602899 1441.437172 617.608316 20.000000 57.053491 1000.000000 43.637856 1000.000000 43.632537
3 2 8 92.619578 51.416736 261.839976 109.456998 261.839630 109.494157 120.506368 64.266981 44.870551 19.294790 44.957433 19.282415
3 2 9 90.530519 39.662853 102.903931 43.644781 0.000000 0.000000 118.139995 51.981586 11.055685 2.647173 1000.000000 1000.000000
4 1 1 0.000000 0.000000 1594.061457 699.481541 1594.147546 699.487598 20.000000 10.000000 1000.000000 1000.000000 1000.000000 1000.000000
4 1 2 94.165540 51.939637 189.208195 81.752614 189.213010 81.773660 122.865566 62.811138 45.749992 16.460749 45.723104 16.567482
4 1 3 0.000000 0.000000 574.887481 243.598637 574.624142 243.507753 20.000000 10.000000 1000.000000 1000.000000 1000.000000 1000.000000
4 1 4 95.346847 43.833608 2143.305545 944.182639 2145.295563 946.246057 124.050464 57.053472 134.679425 61.688487 126.674172 60.319036
4 1 5 88.983219 37.720099 1689.354786 730.810454 1689.347257 730.807630 115.780917 49.116166 135.572982 61.001044 135.559380 60.997448
4 1 6 85.062204 45.265705 343.766692 150.719735 343.868330 150.737628 109.873271 58.486318 69.904788 31.104758 69.770600 31.090193
4 1 7 93.119357 44.255726 108.474031 49.379858 108.473555 49.416747 121.684159 57.035360 20.183018 7.479074 20.181851 7.509138
4 1 8 0.000000 0.000000 515.502793 221.613459 515.502338 221.618320 20.000000 10.000000 1000.000000 1000.000000 1000.000000 1000.000000
4 1 9 88.491561 48.277967 291.968915 122.444182 291.966330 122.441689 115.777232 62.846819 64.333980 28.490048 64.330940 28.487520
4 1 10 90.103261 38.282339 102.148630 4.797835 102.146636 42.834760 118.139967 51.981613 12.676881 8.549724 12.674823 4.001372
4 1 11 85.540390 40.604504 96.424679 49.167278 4.566695 45.575418 111.051788 54.147928 28.161438 14.961253 144.705831 9.710865
4 1 12 88.662624 37.724885 102.071856 44.128438 102.070876 44.128025 115.777165 51.981597 17.107326 4.769862 17.109948 4.769914
4 1 13 0.000000 0.000000 129.010951 44.759723 0.000000 0.000000 20.000000 10.000000 1000.000000 1000.000000 1000.000000 1000.000000
4 1 14 0.000000 0.000000 0.000000 0.000000 0.000000 0.000000 20.000000 10.000000 1000.000000 1000.000000 1000.000000 1000.000000
4 1 15 0.000000 0.000000 0.000000 0.000000 0.000000 0.000000 20.000000 10.000000 1000.000000 1000.000000 1000.000000 1000.000000
4 1 16 94.627306 46.666667 94.759479 44.613022 96.440117 44.915145 122.865731 60.645289 31.400019 8.384185 30.144674 7.952773
4 1 17 0.000000 0.000000 0.000000 0.000000 0.000000 0.000000 20.000000 10.000000 1000.000000 1000.000000 1000.000000 1000.000000
4 1 18 0.000000 0.000000 0.000000 0.000000 0.000000 0.000000 20.000000 10.000000 1000.000000 1000.000000 1000.000000 1000.000000
4 1 19 0.000000 42.933767 0.000037 0.019679 0.000000 0.000000 20.000000 55.591657 1000.000000 6.967887 1000.000000 1000.000000
4 1 20 0.000000 0.000000 0.000000 0.000000 0.000000 0.000000 20.000000 10.000000 1000.000000 1000.000000 1000.000000 1000.000000
4 2 1 92.058589 32.042780 98.623053 41.693774 98.622864 41.693734 120.502760 46.927827 11.174131 3.816624 11.173952 3.816605
4 2 2 96.380258 49.553819 208.136181 91.479176 208.097096 91.469857 126.410003 62.811355 42.578098 17.576185 42.608081 17.594103
4 2 3 97.747070 49.226382 133.485986 56.540598 133.485739 56.541155 128.772580 62.811097 21.702446 8.445168 21.702402 8.445470
4 2 4 91.974496 40.000000 101.415211 0.000000 99.757525 41.903481 120.502781 51.981614 12.358982 35.522315 8.793966 3.060544
4 2 5 0.000000 41.053426 320.323128 136.693666 320.333352 136.708221 20.000000 53.446149 1000.000000 23.397460 1000.000000 23.354663
4 2 6 96.417157 52.176424 133.215398 56.225923 133.216048 56.225773 125.228360 62.811098 23.112769 9.478527 23.113114 9.478515
4 2 7 0.000000 0.000000 786.383059 346.709573 786.560406 346.782650 20.000000 10.000000 1000.000000 1000.000000 1000.000000 1000.000000
4 2 8 0.000000 44.386753 782.072972 331.372271 782.078373 331.375545 20.000000 57.776404 1000.000000 32.377689 1000.000000 32.370448
4 2 9 92.619578 47.893402 254.471112 108.034749 254.469125 108.033903 120.506368 62.811175 48.096652 20.992748 48.091863 20.990450
4 2 10 75.346878 35.513373 378.091736 159.331731 377.935636 159.340052 98.060602 46.955484 56.916134 24.719930 57.175565 25.064425
4 2 11 97.580283 51.124218 151.942828 66.520302 148.214431 62.747836 127.591198 62.811098 30.078430 11.462668 36.280979 15.866601
4 2 12 90.801398 41.608980 757.856737 319.033010 758.128766 319.232475 118.143641 54.167841 74.249994 32.538390 73.241949 32.177800
4 2 13 93.881068 38.033368 99.287730 42.503493 0.000000 0.000000 122.865622 51.981725 9.335923 3.398487 1000.000000 1000.000000
4 2 14 0.000000 0.000000 0.000000 0.000000 0.000000 0.000000 20.000000 10.000000 1000.000000 1000.000000 1000.000000 1000.000000
4 2 15 0.000000 0.000000 0.000000 0.000000 0.000000 0.000000 20.000000 10.000000 1000.000000 1000.000000 1000.000000 1000.000000
4 2 16 97.070976 41.731191 166.794798 71.670831 161.207345 70.365173 128.772926 57.035364 35.130938 13.461687 39.896267 14.684749
4 2 17 0.000000 0.000000 0.000000 0.000000 0.000000 0.000000 20.000000 10.000000 1000.000000 1000.000000 1000.000000 1000.000000
4 2 18 0.000000 0.000000 0.000000 0.000000 0.000000 0.000000 20.000000 10.000000 1000.000000 1000.000000 1000.000000 1000.000000
4 2 19 0.000000 0.000000 0.000016 0.000161 0.000000 0.000000 20.000000 10.000000 1000.000000 1000.000000 1000.000000 1000.000000
4 2 20 97.534043 36.858938 105.520969 43.470722 0.000000 0.000000 128.772589 51.981592 11.114950 3.389843 1000.000000 1000.000000
5 1 1 98.529270 50.538039 170.738334 75.389966 0.000000 0.000000 128.772611 62.811107 36.349693 13.722419 1000.000000 1000.000000
5 1 2 81.710503 42.722498 418.797510 181.300916 411.817522 175.297384 106.330054 55.610009 79.672493 35.125537 79.146574 35.132771
5 1 3 93.528668 43.833608 421.540476 180.169984 0.000000 0.000000 121.687733 57.053472 71.385561 31.111796 1000.000000 1000.000000
5 1 4 90.801398 41.055834 1830.857821 799.427149 0.000000 0.000000 118.143641 53.444862 130.094215 59.200276 1000.000000 1000.000000
5 1 5 0.000000 48.833601 370.024139 156.792432 370.029585 156.797335 20.000000 63.549320 1000.000000 27.374635 1000.000000 27.365372
5 1 6 82.619592 39.944725 2331.929074 1005.793097 0.000000 0.000000 107.511409 51.991529 121.419313 55.032400 1000.000000 1000.000000
5 1 7 0.000000 0.000000 1599.148067 682.952843 1599.146322 682.959221 20.000000 10.000000 1000.000000 1000.000000 1000.000000 1000.000000
5 1 8 96.229085 44.141300 107.738343 46.286796 107.738475 46.286612 125.228365 57.035359 15.741791 4.775307 15.741794 4.775118
5 1 9 0.000000 0.000000 0.000000 0.000000 0.000000 0.000000 20.000000 10.000000 1000.000000 1000.000000 1000.000000 1000.000000
5 2 1 0.000000 0.000000 0.000000 0.000000 0.000000 0.000000 20.000000 10.000000 1000.000000 1000.000000 1000.000000 1000.000000
5 2 2 97.851873 40.087126 149.892125 65.250809 276.037690 119.661438 127.591875 51.981630 215.859144 91.443155 121.908737 31.452094
5 2 3 0.000000 0.000000 0.000000 0.000000 0.000000 0.000000 20.000000 10.000000 1000.000000 1000.000000 1000.000000 1000.000000
5 2 4 0.000000 0.000000 0.000000 0.000000 0.000000 0.000000 20.000000 10.000000 1000.000000 1000.000000 1000.000000 1000.000000
5 2 5 92.870232 49.620282 225.792957 95.006514 225.792751 95.006388 121.684813 62.811470 43.811642 18.296209 43.811192 18.295973
5 2 6 0.000000 0.000000 0.000000 0.000000 0.000000 0.000000 20.000000 10.000000 1000.000000 1000.000000 1000.000000 1000.000000
5 2 7 99.171097 50.499224 165.405694 68.193953 165.402049 68.192615 128.772563 62.811118 29.435426 15.058234 29.434220 15.057539
5 2 8 75.346878 36.608991 825.861322 357.808280 826.473712 357.865861 98.060602 47.672912 84.051796 37.702473 83.303868 37.495459
5 2 9 0.000000 0.000000 0.000000 0.000000 0.000000 0.000000 20.000000 10.000000 1000.000000 1000.000000 1000.000000 1000.000000
6 1 1 91.058691 37.872197 160.958606 71.568627 0.000000 0.000000 118.140063 NaN 354.055285 146.137186 1000.000000 1000.000000
6 1 2 0.000000 0.000000 0.000000 0.000000 0.000000 0.000000 20.000000 10.000000 1000.000000 1000.000000 1000.000000 1000.000000
6 1 3 0.000000 0.000000 0.000000 0.000000 0.000000 0.000000 20.000000 10.000000 1000.000000 1000.000000 1000.000000 1000.000000
6 1 4 93.558833 36.949402 5316.052040 42.768594 0.000000 0.000000 122.865596 51.981707 49.134181 13.632414 1000.000000 1000.000000
6 1 5 97.950956 42.437895 159.738845 67.614817 159.814063 67.644955 128.772594 57.035362 35.742273 11.918457 36.316700 12.798579
6 1 6 0.000000 0.000000 0.000000 0.000000 0.000000 0.000000 20.000000 10.000000 1000.000000 1000.000000 1000.000000 1000.000000
6 1 7 0.000000 0.000000 0.000000 0.000000 0.000000 0.000000 20.000000 10.000000 1000.000000 1000.000000 1000.000000 1000.000000
6 1 8 93.015441 44.228195 112.812968 50.859189 112.792893 50.847967 121.684159 57.035354 21.316904 7.862506 21.213283 7.780523
6 1 9 0.000000 0.000000 0.000000 0.000000 0.000000 0.000000 20.000000 10.000000 1000.000000 1000.000000 1000.000000 1000.000000
6 1 10 0.000000 0.000000 0.000000 0.000000 0.000000 0.000000 20.000000 10.000000 1000.000000 1000.000000 1000.000000 1000.000000
6 1 11 0.000000 0.000000 0.000000 0.000000 0.000000 0.000000 20.000000 10.000000 1000.000000 1000.000000 1000.000000 1000.000000
6 1 12 0.000000 0.000000 244.685315 0.000010 0.000000 0.000000 20.000000 10.000000 1000.000000 1000.000000 1000.000000 1000.000000
6 1 13 0.000000 0.000000 0.000000 0.000000 0.000000 0.000000 20.000000 10.000000 1000.000000 1000.000000 1000.000000 1000.000000
6 1 14 0.000000 0.000000 0.000000 0.000000 0.000000 0.000000 20.000000 10.000000 1000.000000 1000.000000 1000.000000 1000.000000
6 1 15 0.000000 0.000000 0.000000 0.000000 0.000000 0.000000 20.000000 10.000000 1000.000000 1000.000000 1000.000000 1000.000000
6 1 16 0.000000 0.000000 0.000000 0.000000 0.000000 0.000000 20.000000 10.000000 1000.000000 1000.000000 1000.000000 1000.000000
6 1 17 0.000000 0.000000 0.000000 0.000000 0.000000 0.000000 20.000000 10.000000 1000.000000 1000.000000 1000.000000 1000.000000
6 1 18 0.000000 0.000000 0.000000 42.105026 0.000000 0.000000 20.000000 10.000000 1000.000000 1000.000000 1000.000000 1000.000000
6 1 19 0.000000 0.000000 0.000000 0.000000 0.000000 0.000000 20.000000 10.000000 1000.000000 1000.000000 1000.000000 1000.000000
6 1 20 0.000000 0.000000 0.000000 82.644231 0.000000 0.000000 20.000000 10.000000 1000.000000 1000.000000 1000.000000 1000.000000
6 2 1 0.000000 0.000000 0.000000 0.000000 0.000000 0.000000 20.000000 10.000000 1000.000000 1000.000000 1000.000000 1000.000000
6 2 2 0.000000 0.000000 0.000000 0.000000 0.000000 0.000000 20.000000 10.000000 1000.000000 1000.000000 1000.000000 1000.000000
6 2 3 0.000000 0.000000 0.000000 0.000000 0.000000 0.000000 20.000000 10.000000 1000.000000 1000.000000 1000.000000 1000.000000
6 2 4 91.615617 39.919724 148.539458 0.000010 0.000000 0.000000 119.321508 51.981625 204.626664 508.061198 1000.000000 1000.000000
6 2 5 96.448967 37.076819 108.817115 43.980843 108.751201 44.035072 126.409767 51.981590 13.631377 3.904320 13.563502 3.959334
6 2 6 0.000000 0.000000 0.000000 0.000000 0.000000 0.000000 20.000000 10.000000 1000.000000 1000.000000 1000.000000 1000.000000
6 2 7 0.000000 0.000000 0.000000 0.000000 0.000000 0.000000 20.000000 10.000000 1000.000000 1000.000000 1000.000000 1000.000000
6 2 8 96.398809 51.848318 149.254478 64.411230 149.877140 64.748929 126.409782 62.811092 31.170252 11.826152 31.420543 12.087162
6 2 9 92.233502 36.739053 110.535154 46.622236 0.000000 0.000000 120.502760 51.981590 15.040505 5.083196 1000.000000 1000.000000
6 2 10 0.000000 0.000000 0.000000 0.000000 0.000000 0.000000 20.000000 10.000000 1000.000000 1000.000000 1000.000000 1000.000000
6 2 11 0.000000 0.000000 269.763593 117.145390 0.000000 0.000000 20.000000 10.000000 1000.000000 1000.000000 1000.000000 1000.000000
6 2 12 99.991032 47.763303 129.265479 54.655262 0.000000 0.000000 128.773439 62.811080 14.125526 4.934311 1000.000000 1000.000000
6 2 13 94.074202 38.543175 95.995233 0.511332 0.000000 0.000000 122.865612 51.982099 8.201467 10.821017 1000.000000 1000.000000
6 2 14 0.000000 0.000000 0.000000 0.000000 0.000000 0.000000 20.000000 10.000000 1000.000000 1000.000000 1000.000000 1000.000000
6 2 15 0.000000 0.000000 0.000000 0.000000 0.000000 0.000000 20.000000 10.000000 1000.000000 1000.000000 1000.000000 1000.000000
6 2 16 0.000000 0.000000 0.000000 0.000000 0.000000 0.000000 20.000000 10.000000 1000.000000 1000.000000 1000.000000 1000.000000
6 2 17 0.000000 0.000000 0.000000 0.000000 0.000000 0.000000 20.000000 10.000000 1000.000000 1000.000000 1000.000000 1000.000000
6 2 18 0.000000 0.000000 0.000000 0.000000 0.000000 0.000000 20.000000 10.000000 1000.000000 1000.000000 1000.000000 1000.000000
6 2 19 0.000000 0.000000 0.000000 0.000000 0.000000 0.000000 20.000000 10.000000 1000.000000 1000.000000 1000.000000 1000.000000
6 2 20 97.358327 36.428617 105.925651 43.865608 0.000000 0.000000 127.591272 51.981591 11.516149 2.782072 1000.000000 1000.000000
7 1 1 88.915312 37.299236 106.179613 45.561845 0.000000 0.000000 115.777162 51.981590 18.143493 5.130439 1000.000000 1000.000000
7 1 2 0.000000 0.000000 594.079264 270.675176 588.616868 261.556972 20.000000 10.000000 1000.000000 1000.000000 1000.000000 1000.000000
7 1 3 87.283729 45.994420 7.173774 42.033206 0.000000 0.000000 114.595881 57.035571 23.425392 3.756866 1000.000000 1000.000000
7 1 4 94.546088 46.055827 433.041412 193.284901 430.231013 192.046652 124.148058 59.931843 71.925075 32.555051 72.765653 32.956402
7 1 5 0.000000 47.166937 2647.494856 1146.424770 2647.508005 1146.432854 20.000000 61.375573 1000.000000 78.052658 1000.000000 78.041070
7 1 6 97.860396 39.531078 128.686752 55.615133 128.561436 56.311231 128.772566 70.959767 26.602455 8.538504 27.073665 9.314753
7 1 7 0.000000 0.000000 570.303109 257.959475 570.339315 257.990514 20.000000 10.000000 1000.000000 1000.000000 1000.000000 1000.000000
7 1 8 97.413290 51.410649 185.314731 80.937411 185.316124 80.937872 127.591186 62.811114 43.483205 16.770587 43.483663 16.770715
7 1 9 0.000000 0.000000 0.000000 0.000000 0.000000 0.000000 20.000000 10.000000 1000.000000 1000.000000 1000.000000 1000.000000
7 2 1 0.000000 0.000000 0.000000 0.000000 0.000000 0.000000 20.000000 10.000000 1000.000000 1000.000000 1000.000000 1000.000000
7 2 2 0.000000 0.000000 177.500000 0.000001 115.929648 0.000037 20.000000 10.000000 1000.000000 1000.000000 1000.000000 1000.000000
7 2 3 0.000000 0.000000 0.000000 0.000000 0.000000 0.000000 20.000000 10.000000 1000.000000 1000.000000 1000.000000 1000.000000
7 2 4 91.273548 39.614572 96.832491 46.508382 94.972814 43.456356 119.321428 51.981586 17.485404 7.366798 10.252804 3.117375
7 2 5 94.437757 41.053426 476.024635 200.956317 476.038524 200.959614 122.869098 53.446149 65.041538 28.164636 65.006734 28.156399
7 2 6 87.943242 39.367090 92.225615 41.549616 92.277800 41.548785 114.595768 51.981602 9.854137 3.640255 9.600951 3.648587
7 2 7 97.165027 46.611382 798.589618 359.152739 798.601051 359.156720 126.413197 60.662228 77.457463 35.945772 77.416959 35.928859
7 2 8 98.983207 41.608980 1705.422002 810.703951 1705.429710 810.727025 128.775933 54.167841 142.411415 60.684075 142.486156 60.740284
7 2 9 96.230617 37.776200 13.502912 10.129851 0.000000 0.000000 126.410017 51.981901 37.326282 7.816530 1000.000000 1000.000000
8 1 1 82.619592 39.942317 2409.460829 1101.422512 2396.434922 1107.301472 107.511409 52.002788 154.051548 72.901852 167.055556 77.181855
8 1 2 0.000000 0.000000 2513.432372 1093.864973 2513.447008 1093.858797 20.000000 10.000000 1000.000000 1000.000000 1000.000000 1000.000000
8 1 3 98.157849 50.520706 205.280453 87.891512 205.273922 87.887602 128.772645 62.811159 45.179364 17.896223 45.185157 17.897269
8 1 4 91.982089 37.801629 96.963911 0.515890 96.317628 197.532017 120.502777 51.981623 10.436236 36.204518 6.081642 10.532368
8 1 5 0.000000 41.055834 3207.387910 1392.360098 3207.388017 1392.360127 20.000000 53.444862 1000.000000 69.936757 1000.000000 69.936769
8 1 6 98.185745 48.690698 306.776193 133.233061 306.778891 133.231269 127.593622 62.817613 62.488516 27.183072 62.482680 27.198542
8 1 7 92.073056 43.718541 103.385898 5.731621 102.356916 48.656269 120.502777 57.035407 15.215666 7.029727 12.546054 28.476381
8 1 8 93.082483 44.514050 109.410718 47.923184 109.668066 47.854775 121.684161 57.035357 20.652517 6.827028 20.553941 6.852321
8 1 9 87.747643 50.229568 264.091142 115.590378 264.108436 115.594214 115.777582 62.812641 57.161111 24.864020 57.122229 24.856975
8 1 10 83.143562 38.845985 96.119539 0.001991 96.048646 43.078940 109.870171 51.981601 12.874919 6.461331 12.738540 4.392807
8 1 11 92.505862 34.707792 143.446596 58.582201 143.443897 58.805927 120.502761 51.981595 30.880802 10.137721 30.879813 10.452493
8 1 12 90.687813 44.598914 103.111674 46.484169 102.922727 46.415569 119.321369 57.035360 15.400366 5.512588 15.015797 5.492114
8 1 13 0.000000 0.000000 0.000000 0.000000 0.000000 0.000000 20.000000 10.000000 1000.000000 1000.000000 1000.000000 1000.000000
8 1 14 0.000000 0.000000 0.000000 0.000000 0.000000 0.000000 20.000000 10.000000 1000.000000 1000.000000 1000.000000 1000.000000
8 1 15 0.000000 0.000000 0.000000 0.000000 0.000000 0.000000 20.000000 10.000000 1000.000000 1000.000000 1000.000000 1000.000000
8 1 16 0.000000 0.000000 0.000000 0.000000 0.000000 0.000000 20.000000 10.000000 1000.000000 1000.000000 1000.000000 1000.000000
8 1 17 0.000000 0.000000 0.000000 0.000000 0.000000 0.000000 20.000000 10.000000 1000.000000 1000.000000 1000.000000 1000.000000
8 1 18 0.000000 0.000000 0.000000 0.000000 0.000000 0.000000 20.000000 10.000000 1000.000000 1000.000000 1000.000000 1000.000000
8 1 19 0.000000 0.000000 0.000000 0.000000 0.000000 0.000000 20.000000 10.000000 1000.000000 1000.000000 1000.000000 1000.000000
8 1 20 0.000000 0.000000 0.000000 0.000000 0.000000 0.000000 20.000000 10.000000 1000.000000 1000.000000 1000.000000 1000.000000
8 2 1 87.157012 37.234371 96.291935 44.654346 93.984948 43.022319 114.595869 51.981746 15.427170 6.859097 7.986659 3.389862
8 2 2 96.539398 50.516877 173.799476 73.615615 173.797765 73.615049 128.772710 62.811117 33.372681 12.890050 33.372037 12.889849
8 2 3 96.632444 49.908466 210.465717 89.675939 210.499261 88.730348 128.773723 62.811336 42.188845 17.105106 42.076734 19.327047
8 2 4 95.032906 37.202887 101.098665 43.230711 297.860489 39.716279 124.046963 51.981597 10.860651 3.234382 249.418902 9.754628
8 2 5 89.879061 39.648504 1040.153486 447.512189 1040.159973 447.515696 117.130658 53.503964 82.007715 36.688987 81.976252 36.675615
8 2 6 0.000000 0.000000 1516.449525 657.473073 1516.477313 657.492316 20.000000 10.000000 1000.000000 1000.000000 1000.000000 1000.000000
8 2 7 91.084187 52.884363 133.377384 58.403601 133.301093 58.775939 119.321361 62.811097 25.887294 9.040891 26.252062 9.936517
8 2 8 95.103909 43.436138 123.356585 52.777870 123.701224 53.598210 124.046958 57.035353 20.324182 7.117912 19.732108 7.517703
8 2 9 0.000000 0.000000 1908.856259 834.396372 1908.860021 834.398372 20.000000 10.000000 1000.000000 1000.000000 1000.000000 1000.000000
8 2 10 93.528668 40.279143 356.220256 155.421887 356.457452 155.557181 121.687733 54.292517 59.708072 26.622939 58.778359 26.466675
8 2 11 0.000000 40.500279 1347.667829 578.546179 1347.727427 578.593964 20.000000 52.723160 1000.000000 44.897880 1000.000000 44.874808
8 2 12 90.791821 36.729174 129.404825 55.534129 129.403907 56.654593 119.321362 51.981588 22.816149 8.046894 23.037085 8.313288
8 2 13 91.655041 49.573040 210.065181 88.976388 0.000000 0.000000 120.502915 62.811236 41.841915 17.205292 1000.000000 1000.000000
8 2 14 95.401617 38.168010 97.696737 0.000000 0.000000 0.000000 126.412029 51.981800 12.233862 213.977640 1000.000000 1000.000000
8 2 15 0.000000 0.000000 0.000000 0.000000 0.000000 0.000000 20.000000 10.000000 1000.000000 1000.000000 1000.000000 1000.000000
8 2 16 0.000000 0.000000 102.695492 51.203704 0.000000 0.000000 20.000000 10.000000 1000.000000 1000.000000 1000.000000 1000.000000
8 2 17 93.517153 38.052457 99.909158 42.789569 0.000000 0.000000 121.684177 51.981655 11.665229 3.906704 1000.000000 1000.000000
8 2 18 0.000000 0.000000 0.000000 0.000000 0.000000 0.000000 20.000000 10.000000 1000.000000 1000.000000 1000.000000 1000.000000
8 2 19 0.000000 0.000000 0.000000 0.000000 0.000000 0.000000 20.000000 10.000000 1000.000000 1000.000000 1000.000000 1000.000000
8 2 20 94.163143 36.772061 101.671760 43.724457 0.000000 0.000000 122.865566 51.981608 11.564154 3.115706 1000.000000 1000.000000
