1 1 1 96.153 1.200
1 1 2 302.755 1.200
1 1 3 99.158 1.200
1 1 4 816.315 1.200
1 1 5 1563.913 1.200
1 1 6 103.643 1.200
1 1 7 313.896 1.200
1 1 8 191.839 1.200
1 1 9 0.000 1.200
1 2 1 0.000 2.650
1 2 2 109.518 2.650
1 2 3 0.000 2.650
1 2 4 524.719 2.650
1 2 5 512.520 2.650
1 2 6 0.000 2.650
1 2 7 436.345 2.650
1 2 8 251.340 2.650
1 2 9 94.949 2.650
2 1 1 1493.152 1.200
2 1 2 1523.523 1.200
2 1 3 97.981 1.200
2 1 4 121.894 1.200
2 1 5 3293.492 1.200
2 1 6 2596.018 1.200
2 1 7 104.561 1.200
2 1 8 511.759 1.200
2 1 9 183.869 1.200
2 1 10 2392.217 1.200
2 1 11 246.251 1.200
2 1 12 132.851 1.200
2 1 13 101.860 1.200
2 1 14 0.000 1.200
2 1 15 120.767 1.200
2 1 16 0.000 1.200
2 1 17 0.000 1.200
2 1 18 0.000 1.200
2 1 19 0.000 1.200
2 1 20 106.257 1.200
2 2 1 637.002 2.650
2 2 2 1018.083 2.650
2 2 3 107.766 2.650
2 2 4 276.550 2.650
2 2 5 2186.064 2.650
2 2 6 1958.031 2.650
2 2 7 968.887 2.650
2 2 8 2125.981 2.650
2 2 9 382.218 2.650
2 2 10 402.494 2.650
2 2 11 434.216 2.650
2 2 12 437.007 2.650
2 2 13 97.975 2.650
2 2 14 0.000 2.650
2 2 15 33.195 2.650
2 2 16 0.000 2.650
2 2 17 100.391 2.650
2 2 18 0.000 2.650
2 2 19 0.000 2.650
2 2 20 100.904 2.650
3 1 1 635.325 1.200
3 1 2 607.719 1.200
3 1 3 273.305 1.200
3 1 4 2446.518 1.200
3 1 5 3593.179 1.200
3 1 6 216.369 1.200
3 1 7 3015.186 1.200
3 1 8 118.632 1.200
3 1 9 0.000 1.200
3 2 1 102.450 2.650
3 2 2 0.000 2.650
3 2 3 99.853 2.650
3 2 4 1097.762 2.650
3 2 5 915.881 2.650
3 2 6 206.941 2.650
3 2 7 1441.424 2.650
3 2 8 261.840 2.650
3 2 9 102.904 2.650
4 1 1 1594.061 1.200
4 1 2 189.208 1.200
4 1 3 574.887 1.200
4 1 4 2143.306 1.200
4 1 5 1689.355 1.200
4 1 6 343.767 1.200
4 1 7 108.474 1.200
4 1 8 515.503 1.200
4 1 9 291.969 1.200
4 1 10 102.149 1.200
4 1 11 96.425 1.200
4 1 12 102.072 1.200
4 1 13 129.011 1.200
4 1 14 0.000 1.200
4 1 15 0.000 1.200
4 1 16 94.759 1.200
4 1 17 0.000 1.200
4 1 18 0.000 1.200
4 1 19 0.000 1.200
4 1 20 0.000 1.200
4 2 1 98.623 2.650
4 2 2 208.136 2.650
4 2 3 133.486 2.650
4 2 4 101.415 2.650
4 2 5 320.323 2.650
4 2 6 133.215 2.650
4 2 7 786.383 2.650
4 2 8 782.073 2.650
4 2 9 254.471 2.650
4 2 10 378.092 2.650
4 2 11 151.943 2.650
4 2 12 757.857 2.650
4 2 13 99.288 2.650
4 2 14 0.000 2.650
4 2 15 0.000 2.650
4 2 16 166.795 2.650
4 2 17 0.000 2.650
4 2 18 0.000 2.650
4 2 19 0.000 2.650
4 2 20 105.521 2.650
5 1 1 170.738 1.200
5 1 2 418.798 1.200
5 1 3 421.540 1.200
5 1 4 1830.858 1.200
5 1 5 370.024 1.200
5 1 6 2331.929 1.200
5 1 7 1599.148 1.200
5 1 8 107.738 1.200
5 1 9 0.000 1.200
5 2 1 0.000 2.650
5 2 2 149.892 2.650
5 2 3 0.000 2.650
5 2 4 0.000 2.650
5 2 5 225.793 2.650
5 2 6 0.000 2.650
5 2 7 165.406 2.650
5 2 8 825.861 2.650
5 2 9 0.000 2.650
6 1 1 160.959 1.200
6 1 2 0.000 1.200
6 1 3 0.000 1.200
6 1 4 5316.052 1.200
6 1 5 159.739 1.200
6 1 6 0.000 1.200
6 1 7 0.000 1.200
6 1 8 112.813 1.200
6 1 9 0.000 1.200
6 1 10 0.000 1.200
6 1 11 0.000 1.200
6 1 12 244.685 1.200
6 1 13 0.000 1.200
6 1 14 0.000 1.200
6 1 15 0.000 1.200
6 1 16 0.000 1.200
6 1 17 0.000 1.200
6 1 18 0.000 1.200
6 1 19 0.000 1.200
6 1 20 0.000 1.200
6 2 1 0.000 2.650
6 2 2 0.000 2.650
6 2 3 0.000 2.650
6 2 4 148.539 2.650
6 2 5 108.817 2.650
6 2 6 0.000 2.650
6 2 7 0.000 2.650
6 2 8 149.254 2.650
6 2 9 110.535 2.650
6 2 10 0.000 2.650
6 2 11 269.764 2.650
6 2 12 129.265 2.650
6 2 13 95.995 2.650
6 2 14 0.000 2.650
6 2 15 0.000 2.650
6 2 16 0.000 2.650
6 2 17 0.000 2.650
6 2 18 0.000 2.650
6 2 19 0.000 2.650
6 2 20 105.926 2.650
7 1 1 106.180 1.200
7 1 2 594.079 1.200
7 1 3 7.174 1.200
7 1 4 433.041 1.200
7 1 5 2647.495 1.200
7 1 6 128.687 1.200
7 1 7 570.303 1.200
7 1 8 185.315 1.200
7 1 9 0.000 1.200
7 2 1 0.000 2.650
7 2 2 177.500 2.650
7 2 3 0.000 2.650
7 2 4 96.832 2.650
7 2 5 476.025 2.650
7 2 6 92.226 2.650
7 2 7 798.590 2.650
7 2 8 1705.422 2.650
7 2 9 13.503 2.650
8 1 1 2409.461 1.200
8 1 2 2513.432 1.200
8 1 3 205.280 1.200
8 1 4 96.964 1.200
8 1 5 3207.388 1.200
8 1 6 306.776 1.200
8 1 7 103.386 1.200
8 1 8 109.411 1.200
8 1 9 264.091 1.200
8 1 10 96.120 1.200
8 1 11 143.447 1.200
8 1 12 103.112 1.200
8 1 13 0.000 1.200
8 1 14 0.000 1.200
8 1 15 0.000 1.200
8 1 16 0.000 1.200
8 1 17 0.000 1.200
8 1 18 0.000 1.200
8 1 19 0.000 1.200
8 1 20 0.000 1.200
8 2 1 96.292 2.650
8 2 2 173.799 2.650
8 2 3 210.466 2.650
8 2 4 101.099 2.650
8 2 5 1040.153 2.650
8 2 6 1516.450 2.650
8 2 7 133.377 2.650
8 2 8 123.357 2.650
8 2 9 1908.856 2.650
8 2 10 356.220 2.650
8 2 11 1347.668 2.650
8 2 12 129.405 2.650
8 2 13 210.065 2.650
8 2 14 97.697 2.650
8 2 15 0.000 2.650
8 2 16 102.695 2.650
8 2 17 99.909 2.650
8 2 18 0.000 2.650
8 2 19 0.000 2.650
8 2 20 101.672 2.650
