1 1 1 88.250 1.000 90.241 43.120 2.500
1 1 2 101.750 0.383 87.838 42.862 2.500
1 1 3 221.770 0.512 87.911 37.637 2.500
1 1 4 138.466 0.826 0.000 48.834 2.500
1 1 5 149.493 0.493 0.000 46.112 2.500
1 1 6 216.731 0.760 93.412 45.298 2.500
1 1 7 197.601 0.820 96.063 51.167 2.500
1 1 8 171.747 0.774 99.025 51.187 2.500
1 1 9 200.000 10.000 0.000 0.000 2.500
1 2 1 200.000 10.000 0.000 0.000 2.500
1 2 2 205.814 0.692 96.703 43.385 2.500
1 2 3 200.000 10.000 0.000 0.000 2.500
1 2 4 212.378 0.480 90.801 40.833 2.500
1 2 5 186.064 0.425 91.710 39.942 2.500
1 2 6 200.000 10.000 0.000 0.000 2.500
1 2 7 207.843 0.684 76.256 38.055 2.500
1 2 8 206.626 0.700 97.784 48.558 2.500
1 2 9 212.431 0.485 95.572 39.965 2.500
2 1 1 164.482 0.748 0.000 0.000 2.500
2 1 2 194.849 0.469 0.000 0.000 2.500
2 1 3 207.391 0.753 94.377 37.536 2.500
2 1 4 195.777 0.774 98.272 43.451 2.500
2 1 5 207.247 0.790 0.000 0.000 2.500
2 1 6 186.194 0.502 88.983 41.053 2.500
2 1 7 177.633 0.681 96.326 43.696 2.500
2 1 8 222.617 0.621 0.000 0.000 2.500
2 1 9 210.243 0.901 90.575 43.258 2.500
2 1 10 210.592 0.855 0.000 0.000 2.500
2 1 11 214.804 0.738 92.226 50.519 2.500
2 1 12 200.085 0.949 91.540 53.565 2.500
2 1 13 199.251 0.809 92.537 38.666 2.500
2 1 14 200.000 10.000 0.000 0.000 2.500
2 1 15 212.468 0.500 94.466 43.784 2.500
2 1 16 200.000 10.000 0.000 0.000 2.500
2 1 17 200.000 10.000 0.000 0.000 2.500
2 1 18 200.000 10.000 0.000 0.000 2.500
2 1 19 200.000 10.000 0.000 0.000 2.500
2 1 20 223.968 0.801 93.442 37.969 2.500
2 2 1 196.072 0.722 0.000 0.000 2.500
2 2 2 221.620 0.487 90.801 42.167 2.500
2 2 3 211.979 0.636 97.375 37.079 2.500
2 2 4 185.811 0.418 95.347 48.052 2.500
2 2 5 178.360 0.688 0.000 45.551 2.500
2 2 6 219.706 0.770 88.983 42.453 2.500
2 2 7 198.155 0.676 0.000 45.500 2.500
2 2 8 195.057 0.415 98.983 43.831 2.500
2 2 9 208.530 0.795 90.801 42.722 2.500
2 2 10 230.774 0.449 0.000 0.000 2.500
2 2 11 204.181 0.430 0.000 41.611 2.500
2 2 12 221.531 0.548 0.000 44.945 2.500
2 2 13 210.723 0.490 90.733 39.805 2.500
2 2 14 200.000 10.000 0.000 0.000 2.500
2 2 15 215.947 0.856 88.890 38.487 2.500
2 2 16 200.000 10.000 0.000 0.000 2.500
2 2 17 202.122 0.842 87.737 36.533 2.500
2 2 18 200.000 10.000 0.000 0.000 2.500
2 2 19 200.000 10.000 0.000 0.000 2.500
2 2 20 206.241 0.710 87.412 39.083 2.500
3 1 1 204.097 0.448 0.000 47.167 2.500
3 1 2 193.817 0.732 95.347 41.053 2.500
3 1 3 179.142 0.784 96.175 47.779 2.500
3 1 4 178.585 0.737 0.000 45.500 2.500
3 1 5 194.268 0.528 0.000 0.000 2.500
3 1 6 210.980 0.828 94.430 50.642 2.500
3 1 7 208.411 0.738 90.001 39.387 2.500
3 1 8 209.597 0.814 94.833 37.517 2.500
3 1 9 200.000 10.000 0.000 0.000 2.500
3 2 1 212.664 0.451 97.181 44.312 2.500
3 2 2 200.000 10.000 0.000 0.000 2.500
3 2 3 182.425 0.714 90.687 37.173 2.500
3 2 4 151.831 0.581 0.000 0.000 2.500
3 2 5 202.686 0.686 0.000 48.278 2.500
3 2 6 207.692 0.678 98.769 48.228 2.500
3 2 7 201.528 0.716 0.000 43.834 2.500
3 2 8 240.682 0.692 92.620 51.417 2.500
3 2 9 179.868 0.693 90.531 39.663 2.500
4 1 1 220.660 0.759 0.000 0.000 2.500
4 1 2 193.993 0.688 94.166 51.940 2.500
4 1 3 238.129 0.799 0.000 0.000 2.500
4 1 4 180.856 0.743 95.347 43.834 2.500
4 1 5 187.327 0.718 88.983 37.720 2.500
4 1 6 193.764 0.729 85.062 45.266 2.500
4 1 7 193.984 0.485 93.119 44.256 2.500
4 1 8 199.566 0.754 0.000 0.000 2.500
4 1 9 203.772 0.457 88.492 48.278 2.500
4 1 10 200.215 0.707 90.103 38.282 2.500
4 1 11 209.630 0.939 85.540 40.605 2.500
4 1 12 185.096 0.651 88.663 37.725 2.500
4 1 13 229.181 0.948 0.000 0.000 2.500
4 1 14 200.000 10.000 0.000 0.000 2.500
4 1 15 200.000 10.000 0.000 0.000 2.500
4 1 16 203.384 0.601 94.627 46.667 2.500
4 1 17 200.000 10.000 0.000 0.000 2.500
4 1 18 200.000 10.000 0.000 0.000 2.500
4 1 19 210.999 1.045 0.000 42.934 2.500
4 1 20 200.000 10.000 0.000 0.000 2.500
4 2 1 191.835 0.640 92.059 32.043 2.500
4 2 2 243.443 0.690 96.380 49.554 2.500
4 2 3 203.711 0.543 97.747 49.226 2.500
4 2 4 200.441 0.638 91.974 40.000 2.500
4 2 5 198.672 0.666 0.000 41.053 2.500
4 2 6 179.211 0.737 96.417 52.176 2.500
4 2 7 189.234 0.765 0.000 0.000 2.500
4 2 8 206.577 0.651 0.000 44.387 2.500
4 2 9 179.114 0.685 92.620 47.893 2.500
4 2 10 239.841 0.423 75.347 35.513 2.500
4 2 11 182.470 0.722 97.580 51.124 2.500
4 2 12 179.622 0.705 90.801 41.609 2.500
4 2 13 204.207 0.825 93.881 38.033 2.500
4 2 14 200.000 10.000 0.000 0.000 2.500
4 2 15 200.000 10.000 0.000 0.000 2.500
4 2 16 201.899 0.509 97.071 41.731 2.500
4 2 17 200.000 10.000 0.000 0.000 2.500
4 2 18 200.000 10.000 0.000 0.000 2.500
4 2 19 186.901 0.668 0.000 0.000 2.500
4 2 20 232.121 0.713 97.534 36.859 2.500
5 1 1 222.125 1.000 98.529 50.538 2.500
5 1 2 199.192 0.877 81.711 42.722 2.500
5 1 3 206.970 0.782 93.529 43.834 2.500
5 1 4 172.969 0.733 90.801 41.056 2.500
5 1 5 196.682 0.776 0.000 48.834 2.500
5 1 6 200.858 0.714 82.620 39.945 2.500
5 1 7 194.736 0.446 0.000 0.000 2.500
5 1 8 207.425 0.819 96.229 44.141 2.500
5 1 9 200.000 10.000 0.000 0.000 2.500
5 2 1 200.000 10.000 0.000 0.000 2.500
5 2 2 169.469 0.737 97.852 40.087 2.500
5 2 3 200.000 10.000 0.000 0.000 2.500
5 2 4 200.000 10.000 0.000 0.000 2.500
5 2 5 151.993 0.695 92.870 49.620 2.500
5 2 6 200.000 10.000 0.000 0.000 2.500
5 2 7 175.037 0.696 99.171 50.499 2.500
5 2 8 206.271 0.688 75.347 36.609 2.500
5 2 9 200.000 10.000 0.000 0.000 2.500
6 1 1 208.552 0.750 91.059 37.872 2.500
6 1 2 200.000 10.000 0.000 0.000 2.500
6 1 3 200.000 10.000 0.000 0.000 2.500
6 1 4 198.859 0.765 93.559 36.949 2.500
6 1 5 213.796 0.672 97.951 42.438 2.500
6 1 6 200.000 10.000 0.000 0.000 2.500
6 1 7 200.000 10.000 0.000 0.000 2.500
6 1 8 274.450 0.859 93.015 44.228 2.500
6 1 9 200.000 10.000 0.000 0.000 2.500
6 1 10 200.000 10.000 0.000 0.000 2.500
6 1 11 200.000 10.000 0.000 0.000 2.500
6 1 12 212.052 0.754 0.000 0.000 2.500
6 1 13 200.000 10.000 0.000 0.000 2.500
6 1 14 200.000 10.000 0.000 0.000 2.500
6 1 15 200.000 10.000 0.000 0.000 2.500
6 1 16 200.000 10.000 0.000 0.000 2.500
6 1 17 200.000 10.000 0.000 0.000 2.500
6 1 18 210.667 1.147 0.000 0.000 2.500
6 1 19 200.000 10.000 0.000 0.000 2.500
6 1 20 194.243 0.506 0.000 0.000 2.500
6 2 1 200.000 10.000 0.000 0.000 2.500
6 2 2 200.000 10.000 0.000 0.000 2.500
6 2 3 200.000 10.000 0.000 0.000 2.500
6 2 4 224.962 0.774 91.616 39.920 2.500
6 2 5 203.349 0.478 96.449 37.077 2.500
6 2 6 200.000 10.000 0.000 0.000 2.500
6 2 7 200.000 10.000 0.000 0.000 2.500
6 2 8 191.948 0.725 96.399 51.848 2.500
6 2 9 196.855 0.733 92.234 36.739 2.500
6 2 10 200.000 10.000 0.000 0.000 2.500
6 2 11 220.380 0.851 0.000 0.000 2.500
6 2 12 161.451 0.702 99.991 47.763 2.500
6 2 13 211.288 0.695 94.074 38.543 2.500
6 2 14 200.000 10.000 0.000 0.000 2.500
6 2 15 200.000 10.000 0.000 0.000 2.500
6 2 16 200.000 10.000 0.000 0.000 2.500
6 2 17 200.000 10.000 0.000 0.000 2.500
6 2 18 200.000 10.000 0.000 0.000 2.500
6 2 19 200.000 10.000 0.000 0.000 2.500
6 2 20 177.663 0.722 97.358 36.429 2.500
7 1 1 185.542 0.482 88.915 37.299 2.500
7 1 2 224.729 0.810 0.000 0.000 2.500
7 1 3 200.434 0.896 87.284 45.994 2.500
7 1 4 209.245 0.805 94.546 46.056 2.500
7 1 5 190.206 0.901 0.000 47.167 2.500
7 1 6 187.834 0.758 97.860 39.531 2.500
7 1 7 188.210 0.922 0.000 0.000 2.500
7 1 8 202.840 0.760 97.413 51.411 2.500
7 1 9 200.000 10.000 0.000 0.000 2.500
7 2 1 200.000 10.000 0.000 0.000 2.500
7 2 2 216.965 0.823 0.000 0.000 2.500
7 2 3 200.000 10.000 0.000 0.000 2.500
7 2 4 223.561 0.743 91.274 39.615 2.500
7 2 5 222.981 0.671 94.438 41.053 2.500
7 2 6 211.056 0.695 87.943 39.367 2.500
7 2 7 196.181 0.786 97.165 46.611 2.500
7 2 8 206.109 0.739 98.983 41.609 2.500
7 2 9 197.865 0.687 96.231 37.776 2.500
8 1 1 194.498 0.511 82.620 39.942 2.500
8 1 2 210.962 0.809 0.000 0.000 2.500
8 1 3 239.806 0.426 98.158 50.521 2.500
8 1 4 170.152 0.761 91.982 37.802 2.500
8 1 5 181.604 0.787 0.000 41.056 2.500
8 1 6 173.265 0.909 98.186 48.691 2.500
8 1 7 365.695 0.510 92.073 43.719 2.500
8 1 8 191.847 0.786 93.082 44.514 2.500
8 1 9 203.759 0.649 87.748 50.230 2.500
8 1 10 203.112 0.635 83.144 38.846 2.500
8 1 11 202.357 0.813 92.506 34.708 2.500
8 1 12 206.556 0.901 90.688 44.599 2.500
8 1 13 200.000 10.000 0.000 0.000 2.500
8 1 14 200.000 10.000 0.000 0.000 2.500
8 1 15 200.000 10.000 0.000 0.000 2.500
8 1 16 200.000 10.000 0.000 0.000 2.500
8 1 17 200.000 10.000 0.000 0.000 2.500
8 1 18 200.000 10.000 0.000 0.000 2.500
8 1 19 192.728 0.906 0.000 0.000 2.500
8 1 20 200.000 10.000 0.000 0.000 2.500
8 2 1 224.439 0.723 87.157 37.234 2.500
8 2 2 172.984 0.751 96.539 50.517 2.500
8 2 3 171.275 0.720 96.632 49.908 2.500
8 2 4 176.581 0.452 95.033 37.203 2.500
8 2 5 214.042 0.732 89.879 39.649 2.500
8 2 6 221.743 0.436 0.000 0.000 2.500
8 2 7 200.065 0.698 91.084 52.884 2.500
8 2 8 192.669 0.753 95.104 43.436 2.500
8 2 9 168.465 0.733 0.000 0.000 2.500
8 2 10 201.490 0.720 93.529 40.279 2.500
8 2 11 192.115 0.686 0.000 40.500 2.500
8 2 12 223.761 0.636 90.792 36.729 2.500
8 2 13 227.107 0.708 91.655 49.573 2.500
8 2 14 171.500 1.000 95.402 38.168 2.500
8 2 15 200.000 10.000 0.000 0.000 2.500
8 2 16 188.375 1.111 0.000 0.000 2.500
8 2 17 208.866 0.805 93.517 38.052 2.500
8 2 18 200.000 10.000 0.000 0.000 2.500
8 2 19 200.000 10.000 0.000 0.000 2.500
8 2 20 211.908 0.720 94.163 36.772 2.500
