#
# File generated automatically by FTHodo Calib at  01-22-2018_08.42.52_AM
#
FADC250_CRATE adcft3
FADC250_SLOT 3
FADC250_ALLCH_PED 164.284 147.334 191.927 168.172 210.405 239.256 208.750 201.262 179.786 194.114 172.001 170.459 191.896 175.533 195.169 183.789
FADC250_SLOT 4
FADC250_ALLCH_PED 199.173 273.623 368.743 173.440 199.777 216.679 194.695 206.589 191.330 168.663 221.734 198.311 168.592 196.987 177.134 221.368
FADC250_SLOT 5
FADC250_ALLCH_PED 209.084 188.801 224.572 194.465 124.450 209.627 222.357 89.375 195.350 222.937 222.478 216.528 204.761 202.540 236.297 204.931
FADC250_SLOT 6
FADC250_ALLCH_PED 189.450 201.398 185.643 179.791 137.196 201.310 196.574 186.408 217.406 211.677 212.154 205.006 165.299 221.857 189.342 193.000
FADC250_SLOT 7
FADC250_ALLCH_PED 188.762 231.437 211.728 201.274 206.554 212.525 208.887 207.693 216.166 211.686 227.055 222.232 203.579 205.523 218.355 215.116
FADC250_SLOT 8
FADC250_ALLCH_PED 195.992 192.777 168.605 169.014 149.900 197.786 182.373 198.383 212.312 210.085 203.755 208.469 204.929 197.549 224.788 187.355
FADC250_SLOT 9
FADC250_ALLCH_PED 229.901 174.088 168.448 195.197 175.305 177.657 186.404 213.935 209.194 191.279 159.229 198.703 170.871 190.701 177.131 208.973
FADC250_SLOT 10
FADC250_ALLCH_PED 192.877 217.295 208.299 223.548 204.334 216.549 212.249 170.283 208.461 230.143 205.375 207.599 197.702 202.115 186.614 229.368
FADC250_SLOT 13
FADC250_ALLCH_PED 224.898 176.234 170.887 185.450 226.276 207.094 229.835 224.060 237.358 202.325 179.005 181.310 186.540 210.212 208.397 193.470
FADC250_SLOT 14
FADC250_ALLCH_PED 188.081 214.809 201.981 206.484 211.637 196.451 224.377 209.769 187.702 203.055 176.379 204.616 207.207 235.048 230.938 193.290
FADC250_SLOT 15
FADC250_ALLCH_PED 211.952 192.677 182.559 205.584 222.720 205.462 222.791 207.518 200.116 199.811 177.142 202.580 199.724 204.257 228.994 213.882
FADC250_SLOT 16
FADC250_ALLCH_PED 177.412 198.362 210.817 178.202 197.483 200.355 195.498 193.140 217.542 195.559 150.965 205.569 163.206 204.545 172.611 150.951
FADC250_SLOT 17
FADC250_ALLCH_PED 207.001 221.729 194.229 179.019 204.960 181.018 193.033 173.352 211.501 182.583 212.723 239.406 177.185 199.713 196.538 201.543
FADC250_SLOT 18
FADC250_ALLCH_PED 213.515 198.394 193.749 187.434 192.787 186.766 206.794 209.945 225.553 210.694 187.046 243.140 195.952 177.637 192.649 199.041
FADC250_SLOT 19
FADC250_ALLCH_PED 500.000 195.721 500.000 219.848 238.455 500.000 209.814 500.000 500.000 182.931 500.000 188.175 200.753 500.000 156.814 500.000
FADC250_CRATE end
