1 1 1 120.156 1.200
1 1 2 142.614 1.200
1 1 3 221.451 1.200
1 1 4 369.313 1.200
1 1 5 451.940 1.200
1 1 6 401.445 1.200
1 1 7 249.517 1.200
1 1 8 331.430 1.200
1 1 9 351.045 1.200
1 2 1 682.039 2.650
1 2 2 599.277 2.650
1 2 3 516.088 2.650
1 2 4 532.628 2.650
1 2 5 517.204 2.650
1 2 6 530.584 2.650
1 2 7 521.971 2.650
1 2 8 505.956 2.650
1 2 9 415.329 2.650
2 1 1 387.411 1.200
2 1 2 252.934 1.200
2 1 3 397.595 1.200
2 1 4 317.746 1.200
2 1 5 204.615 1.200
2 1 6 186.937 1.200
2 1 7 341.987 1.200
2 1 8 385.838 1.200
2 1 9 182.670 1.200
2 1 10 186.607 1.200
2 1 11 202.649 1.200
2 1 12 211.809 1.200
2 1 13 239.638 1.200
2 1 14 351.766 1.200
2 1 15 290.340 1.200
2 1 16 0.000 1.200
2 1 17 200.216 1.200
2 1 18 384.571 1.200
2 1 19 290.481 1.200
2 1 20 167.138 1.200
2 2 1 692.228 2.650
2 2 2 290.835 2.650
2 2 3 497.171 2.650
2 2 4 1531.934 2.650
2 2 5 457.115 2.650
2 2 6 392.140 2.650
2 2 7 502.559 2.650
2 2 8 500.041 2.650
2 2 9 377.048 2.650
2 2 10 191.296 2.650
2 2 11 300.873 2.650
2 2 12 515.863 2.650
2 2 13 421.798 2.650
2 2 14 516.121 2.650
2 2 15 250.953 2.650
2 2 16 0.000 2.650
2 2 17 216.306 2.650
2 2 18 154.775 2.650
2 2 19 493.142 2.650
2 2 20 456.713 2.650
3 1 1 1146.484 1.200
3 1 2 334.808 1.200
3 1 3 318.795 1.200
3 1 4 392.169 1.200
3 1 5 301.367 1.200
3 1 6 243.255 1.200
3 1 7 308.193 1.200
3 1 8 251.973 1.200
3 1 9 330.914 1.200
3 2 1 411.752 2.650
3 2 2 679.403 2.650
3 2 3 451.829 2.650
3 2 4 731.016 2.650
3 2 5 552.364 2.650
3 2 6 939.200 2.650
3 2 7 488.921 2.650
3 2 8 519.721 2.650
3 2 9 254.428 2.650
4 1 1 421.616 1.200
4 1 2 316.922 1.200
4 1 3 347.712 1.200
4 1 4 325.646 1.200
4 1 5 270.993 1.200
4 1 6 269.551 1.200
4 1 7 257.708 1.200
4 1 8 409.672 1.200
4 1 9 181.934 1.200
4 1 10 235.203 1.200
4 1 11 138.355 1.200
4 1 12 255.469 1.200
4 1 13 194.508 1.200
4 1 14 257.482 1.200
4 1 15 240.471 1.200
4 1 16 113.923 1.200
4 1 17 0.000 1.200
4 1 18 230.852 1.200
4 1 19 112.743 1.200
4 1 20 334.290 1.200
4 2 1 371.743 2.650
4 2 2 505.520 2.650
4 2 3 2378.856 2.650
4 2 4 733.572 2.650
4 2 5 552.114 2.650
4 2 6 510.975 2.650
4 2 7 540.871 2.650
4 2 8 635.716 2.650
4 2 9 297.868 2.650
4 2 10 339.718 2.650
4 2 11 348.799 2.650
4 2 12 406.951 2.650
4 2 13 129.659 2.650
4 2 14 422.917 2.650
4 2 15 321.065 2.650
4 2 16 561.965 2.650
4 2 17 0.000 2.650
4 2 18 494.609 2.650
4 2 19 442.756 2.650
4 2 20 475.670 2.650
5 1 1 312.653 1.200
5 1 2 194.054 1.200
5 1 3 320.199 1.200
5 1 4 315.802 1.200
5 1 5 462.553 1.200
5 1 6 499.301 1.200
5 1 7 403.244 1.200
5 1 8 354.249 1.200
5 1 9 240.588 1.200
5 2 1 751.206 2.650
5 2 2 444.254 2.650
5 2 3 265.833 2.650
5 2 4 590.885 2.650
5 2 5 495.528 2.650
5 2 6 830.861 2.650
5 2 7 726.034 2.650
5 2 8 409.666 2.650
5 2 9 552.137 2.650
6 1 1 308.484 1.200
6 1 2 370.700 1.200
6 1 3 236.041 1.200
6 1 4 277.372 1.200
6 1 5 343.398 1.200
6 1 6 304.494 1.200
6 1 7 349.913 1.200
6 1 8 259.611 1.200
6 1 9 268.174 1.200
6 1 10 281.310 1.200
6 1 11 273.912 1.200
6 1 12 269.247 1.200
6 1 13 241.583 1.200
6 1 14 180.525 1.200
6 1 15 245.936 1.200
6 1 16 264.115 1.200
6 1 17 154.385 1.200
6 1 18 169.894 1.200
6 1 19 410.482 1.200
6 1 20 193.513 1.200
6 2 1 295.019 2.650
6 2 2 592.927 2.650
6 2 3 532.904 2.650
6 2 4 280.571 2.650
6 2 5 439.534 2.650
6 2 6 535.321 2.650
6 2 7 549.720 2.650
6 2 8 434.678 2.650
6 2 9 392.964 2.650
6 2 10 409.677 2.650
6 2 11 321.121 2.650
6 2 12 1425.871 2.650
6 2 13 539.252 2.650
6 2 14 618.361 2.650
6 2 15 367.411 2.650
6 2 16 308.617 2.650
6 2 17 129.510 2.650
6 2 18 401.793 2.650
6 2 19 399.875 2.650
6 2 20 459.590 2.650
7 1 1 301.398 1.200
7 1 2 263.488 1.200
7 1 3 275.813 1.200
7 1 4 291.328 1.200
7 1 5 276.171 1.200
7 1 6 332.039 1.200
7 1 7 196.925 1.200
7 1 8 259.909 1.200
7 1 9 335.685 1.200
7 2 1 321.065 2.650
7 2 2 518.833 2.650
7 2 3 349.311 2.650
7 2 4 475.378 2.650
7 2 5 492.022 2.650
7 2 6 623.323 2.650
7 2 7 453.246 2.650
7 2 8 353.940 2.650
7 2 9 611.964 2.650
8 1 1 296.025 1.200
8 1 2 330.219 1.200
8 1 3 317.447 1.200
8 1 4 366.677 1.200
8 1 5 356.199 1.200
8 1 6 196.139 1.200
8 1 7 267.633 1.200
8 1 8 229.234 1.200
8 1 9 230.630 1.200
8 1 10 208.833 1.200
8 1 11 323.842 1.200
8 1 12 173.552 1.200
8 1 13 259.836 1.200
8 1 14 213.979 1.200
8 1 15 342.368 1.200
8 1 16 158.371 1.200
8 1 17 266.345 1.200
8 1 18 328.858 1.200
8 1 19 201.801 1.200
8 1 20 293.200 1.200
8 2 1 672.082 2.650
8 2 2 520.296 2.650
8 2 3 500.603 2.650
8 2 4 563.365 2.650
8 2 5 579.198 2.650
8 2 6 347.939 2.650
8 2 7 392.429 2.650
8 2 8 256.327 2.650
8 2 9 368.079 2.650
8 2 10 299.521 2.650
8 2 11 337.613 2.650
8 2 12 237.743 2.650
8 2 13 431.289 2.650
8 2 14 501.242 2.650
8 2 15 308.623 2.650
8 2 16 142.499 2.650
8 2 17 215.816 2.650
8 2 18 384.287 2.650
8 2 19 260.784 2.650
8 2 20 314.356 2.650
