1 1 1 97.143704 48.521820 120.952778 54.644294 120.155789 54.090018 126.412417 62.811488 16.120438 9.050806 16.625501 7.488300
1 1 2 30.575138 43.611191 142.088049 66.138786 142.614073 66.141357 4.230220 57.035471 17.987679 9.311063 18.708214 9.772302
1 1 3 33.847206 48.254385 193.048966 86.843054 221.451223 97.005695 44.710384 62.812949 55.809580 26.418617 44.969885 25.667363
1 1 4 24.488684 48.333333 367.789396 173.185096 369.313395 154.611561 2.307957 62.811201 65.068773 19.269048 65.331021 29.810771
1 1 5 38.634738 47.189809 346.442280 125.616010 451.939542 142.053217 55.270946 62.811644 55.000125 37.782330 41.919035 26.283660
1 1 6 82.727273 48.944990 305.471433 106.301095 401.445091 168.548864 107.507413 62.811155 67.441928 35.981436 130.576014 13.351234
1 1 7 95.454545 48.319590 233.877700 100.373692 249.517404 108.920573 124.046972 62.811639 59.222561 27.058239 49.505254 21.597863
1 1 8 18.209088 46.926686 324.018195 135.204934 331.429728 140.747229 22.650184 62.811864 63.897998 29.567067 58.444246 25.028429
1 1 9 93.534283 50.088351 340.130558 140.534851 351.045009 147.250575 0.000000 64.255569 57.097528 25.636543 57.803664 24.547255
1 2 1 0.516262 46.992871 0.000008 1.938991 682.038856 300.145200 3.561286 62.812249 33.707352 690.376458 78.541755 32.391225
1 2 2 97.467329 48.132123 527.235404 138.640885 599.276917 258.624019 126.410979 62.811568 61.900495 64.869699 122.439053 61.102959
1 2 3 29.297267 47.277124 182.936846 117.156669 516.088272 227.194861 1.178488 62.812794 131.561535 54.488583 64.616470 31.057488
1 2 4 97.493878 47.422210 543.176161 140.345178 532.628494 182.146286 128.780802 62.811462 59.306602 64.282221 78.797135 14.008745
1 2 5 80.000000 47.706081 521.782530 142.329872 517.203699 217.226755 0.000000 62.811393 64.939111 59.439077 75.384241 33.341037
1 2 6 68.181818 47.583654 540.344440 133.404589 530.583994 228.008455 88.605236 62.811477 59.682656 71.934251 77.661076 35.762024
1 2 7 51.280193 47.905442 523.815217 208.509087 521.970957 221.372526 0.870897 62.811385 70.247093 39.157705 82.209592 39.119478
1 2 8 11.375001 47.516551 506.700521 224.584839 505.956187 211.714451 0.690921 62.811427 64.214658 22.135425 73.604276 32.279936
1 2 9 81.647682 48.292884 406.558935 169.717845 415.329088 176.445445 106.325988 62.811486 57.731927 26.571938 56.440340 24.641221
2 1 1 89.090909 45.926929 412.063171 129.092007 387.410937 165.010609 115.777414 62.811264 95.046032 52.005967 77.256354 33.632741
2 1 2 14.085251 47.346292 217.451449 91.019895 252.934205 102.221158 15.539581 62.811565 61.887014 29.166338 20.873177 21.853357
2 1 3 24.889383 46.459905 407.284168 131.878197 397.594622 166.625697 0.820737 62.811895 58.335202 50.216238 71.123844 30.880111
2 1 4 31.399554 40.000000 269.998301 113.514256 317.745982 137.433050 36.352847 51.982598 91.114984 41.274637 69.462330 33.843883
2 1 5 64.545455 47.652939 196.163007 84.443787 204.614982 115.198416 0.000000 62.811449 45.750299 20.257997 41.726271 14.793223
2 1 6 8.954709 48.144702 182.095702 77.122752 186.936614 80.741362 1.573165 62.811341 40.298628 18.827533 37.036586 16.430250
2 1 7 33.732024 48.569569 333.774294 138.037685 341.987439 146.140149 1.486519 62.811438 66.900079 32.714625 60.581833 28.065515
2 1 8 99.090909 47.538072 375.841727 152.823594 385.838258 162.453198 0.000000 62.811839 71.538811 35.275297 65.423836 28.182788
2 1 9 94.545455 48.597978 179.443578 80.252348 182.670394 70.939560 122.866983 62.811218 38.196083 17.534420 36.625551 28.609397
2 1 10 64.545455 47.991730 185.273347 79.144611 186.607209 79.748671 0.000000 62.811340 35.593457 15.524973 34.965990 15.306499
2 1 11 17.032400 48.431356 200.679187 99.832125 202.649110 102.577973 0.365669 62.811335 38.329963 27.171591 37.384949 29.379339
2 1 12 59.090909 48.321028 207.495266 106.535823 211.809286 47.329664 0.000000 62.811363 45.798160 30.808606 43.699419 38.498016
2 1 13 75.454545 48.465865 236.599592 95.566902 239.637599 99.235983 0.000000 62.811599 44.362698 20.256442 44.477876 18.096571
2 1 14 5.285741 46.670999 347.232692 144.465701 351.766167 132.190342 1.863483 62.811324 55.194555 24.478143 57.242585 15.077009
2 1 15 29.601574 48.156710 232.593138 104.001349 290.340074 133.027135 0.440994 62.811251 65.134325 34.227251 50.172629 26.559675
2 1 16 98.234524 44.968724 114.417767 50.758599 0.000000 49.976262 127.591651 59.923374 14.918381 6.668433 1000.000000 5.244130
2 1 17 98.094450 48.313650 167.902413 72.252264 200.216100 83.502180 127.591562 62.811677 48.767634 19.978416 48.951470 18.895200
2 1 18 70.909091 48.004252 379.296798 158.020585 384.570677 156.719417 92.149221 62.811161 53.136174 20.544974 54.626544 28.791366
2 1 19 97.252531 48.180751 288.637301 120.585632 290.481029 124.499170 126.409913 62.811491 47.390502 22.781010 48.386851 20.734060
2 1 20 97.272727 46.752920 166.184192 70.028430 167.137568 70.503262 0.000000 62.811230 32.169972 13.492179 31.876014 13.296205
2 2 1 20.173594 47.516765 712.116193 165.889963 692.227569 293.971600 2.103323 62.811518 86.134948 79.949813 106.554781 46.682475
2 2 2 93.636364 48.600566 299.559522 96.683737 290.835235 124.055356 0.000000 62.811232 43.791961 34.242624 69.988782 27.508868
2 2 3 17.881032 46.780754 505.783268 57.238460 497.171024 232.334862 1.389625 62.811672 54.777449 12.801595 77.217427 14.272479
2 2 4 88.181818 39.744705 1915.230791 0.002945 1531.934475 801.776102 0.000000 51.981625 309.012793 73.459051 588.484390 84.253284
2 2 5 97.272727 48.333333 455.928494 193.916090 457.114505 198.957046 0.000000 62.811139 60.206303 31.017171 68.664307 31.805432
2 2 6 100.528780 48.333333 396.071388 137.675216 392.140097 169.167270 127.622642 62.811120 52.981529 41.900718 62.970837 28.567036
2 2 7 97.272727 47.394957 490.346533 202.596327 502.558688 210.565961 0.000000 62.811364 58.487982 36.601484 128.370488 32.897073
2 2 8 54.545455 47.338801 503.353033 188.011961 500.041328 211.125169 0.000000 62.811476 63.481373 44.260699 73.460222 33.164381
2 2 9 62.727273 47.805481 375.554823 159.023861 377.048107 165.771487 0.000000 62.811419 51.913843 30.394828 59.014591 31.013787
2 2 10 0.105622 0.302552 188.964227 110.044028 191.296193 143.099232 0.018380 1.123222 39.810252 19.208368 35.965845 37.117143
2 2 11 37.471886 48.305714 297.949839 122.709269 300.873341 124.441484 57.611714 62.811658 46.430247 20.386839 45.342910 21.739557
2 2 12 84.545455 47.864531 507.855853 213.219211 515.862783 218.976719 0.000000 62.811521 71.531194 28.076015 71.552926 31.699752
2 2 13 30.810549 46.927612 415.250125 172.954311 421.797638 175.175204 1.946298 62.811767 55.504302 24.487000 56.086678 25.906153
2 2 14 99.090909 46.585129 511.797894 71.354383 516.121132 216.665334 128.772668 62.811648 64.811157 13.905753 64.531393 27.545969
2 2 15 21.537797 47.253308 250.711419 83.626986 250.952613 111.653148 0.568443 62.811387 56.475198 29.047485 16.256903 31.529573
2 2 16 17.023152 46.763821 168.378292 183.081601 0.000000 1.122909 3.739420 62.811699 45.983845 14.853661 1000.000000 8.796936
2 2 17 78.195908 48.553643 148.720654 64.043260 216.305586 75.329061 102.793261 62.811130 33.806026 16.182846 63.243633 21.671654
2 2 18 89.090909 47.902089 172.106956 55.847466 154.775120 56.555014 115.777206 62.811932 7.220351 8.106342 6.567085 7.974929
2 2 19 47.137033 47.150714 496.104445 205.243553 493.141635 208.236501 49.859119 62.811539 60.357543 29.025831 65.040236 28.596489
2 2 20 27.557738 47.838035 450.058128 188.574740 456.712848 192.161155 7.589804 62.811480 61.984117 27.193698 61.537547 26.508077
3 1 1 38.635050 48.333333 192.180428 72.744245 1146.483506 95.591998 50.655083 62.816652 55.528591 20.192816 44.239330 22.814580
3 1 2 81.818182 48.241369 268.413731 112.920382 334.807960 0.000011 106.325997 62.811726 93.346940 39.268127 130.476499 10.080521
3 1 3 24.909037 47.884625 246.259764 98.952166 318.794582 128.371042 1.143638 62.814832 87.677716 35.971049 20.157039 27.832617
3 1 4 34.919835 48.456539 411.019454 138.178972 392.168678 167.977056 1.408622 62.811382 86.238444 48.360582 72.807675 31.120726
3 1 5 87.272727 48.100722 284.933961 119.202429 301.367120 129.348693 0.000000 62.811422 68.535781 31.771196 56.809029 24.702104
3 1 6 27.498840 48.530314 234.945769 78.767467 243.255009 0.000151 2.020915 62.811253 78.111069 36.004150 101.503688 8.142264
3 1 7 78.152350 48.014622 295.072500 118.916115 308.192968 130.203955 101.600556 62.811604 65.343160 31.824595 55.759241 23.990891
3 1 8 89.080550 48.111057 245.579325 102.057941 251.973438 105.728597 115.777835 62.811810 52.015925 22.820858 47.358396 20.112315
3 1 9 10.577664 47.241347 325.831009 135.840512 330.913675 136.671654 17.019706 62.811701 53.082241 23.968553 66.001048 26.344889
3 2 1 76.363636 47.952125 276.230019 119.547423 411.752477 212.087275 0.000000 62.811302 129.914014 50.300882 154.504728 32.645811
3 2 2 99.090909 48.366114 343.445126 173.889122 679.402675 239.521958 0.000000 62.811313 206.062427 77.756451 89.090454 93.240348
3 2 3 27.761998 48.211802 246.159067 104.062167 451.829420 77.007192 11.207548 62.811311 109.425804 44.611677 66.095284 174.379435
3 2 4 99.090909 47.626203 736.977387 202.997996 731.015557 307.467516 0.000000 62.811326 126.043659 76.303668 97.945274 43.883811
3 2 5 70.909091 47.894661 542.128354 224.903360 552.364238 228.809765 0.000000 62.811600 75.126406 25.652888 76.414728 35.039703
3 2 6 98.181818 46.992037 949.921993 32.419213 939.199878 393.828156 127.591365 62.811528 96.125225 157.875766 117.833615 54.602431
3 2 7 50.386268 47.419077 434.938841 141.325457 488.920864 204.729618 2.653400 62.811442 113.319787 55.711429 72.477718 31.771015
3 2 8 71.818182 47.922954 511.386566 212.325294 519.721396 218.060785 0.000000 62.811610 72.404091 33.404551 73.029527 32.154835
3 2 9 98.512797 48.333333 468.068848 185.571994 254.427997 1.539253 127.592083 62.811267 54.736316 28.374613 104.037819 245.568334
4 1 1 87.272727 36.137755 433.517501 132.374051 421.616051 183.430280 113.414640 51.983069 100.800344 58.424650 77.874970 34.726748
4 1 2 76.363636 47.811249 269.637137 114.500888 316.921842 135.335898 99.238181 62.811954 91.955625 39.650588 65.164780 28.880520
4 1 3 91.053294 38.719496 359.165942 111.103099 347.711853 146.189001 119.321701 51.982750 49.587371 45.111751 62.334293 26.570702
4 1 4 0.000000 48.149362 265.926710 113.497542 325.646268 139.501531 20.000000 62.811495 1000.000000 41.448901 1000.000000 26.050834
4 1 5 46.315463 47.497729 254.532747 106.324492 270.992847 115.316135 1.540725 62.811427 66.942084 29.923411 55.638190 23.956116
4 1 6 76.363636 47.420999 254.874518 104.610047 269.551290 114.525894 99.239302 62.811824 58.983723 28.931747 40.679068 21.386361
4 1 7 57.272727 47.558618 246.819571 100.920664 257.708437 149.996953 0.000000 62.811562 56.259687 28.695105 48.014270 17.330952
4 1 8 95.454545 47.394471 399.394464 171.677737 409.672498 176.176918 124.047138 62.811522 75.770356 33.360145 70.405235 30.939841
4 1 9 98.105565 47.217750 179.460064 76.865465 181.934410 46.517309 127.591725 62.811280 36.619309 15.819489 35.350574 20.697717
4 1 10 62.727273 52.051124 232.502049 94.865167 235.203234 107.344958 0.000000 62.817083 44.240758 32.909824 42.719852 33.533599
4 1 11 98.181818 46.156066 139.002309 59.681895 138.355021 59.907728 127.592074 62.811114 24.009339 9.976489 21.635234 9.957219
4 1 12 96.363636 45.236336 249.122908 103.300339 255.469397 110.030316 0.000000 62.811208 51.290399 26.748571 46.698276 20.353162
4 1 13 84.545455 47.442093 209.907477 97.337187 194.508303 79.715030 109.870197 62.811576 42.301271 25.533005 48.180687 23.419466
4 1 14 20.131844 48.070576 253.381796 108.252361 257.481858 107.974977 24.124648 62.811561 42.031884 12.644028 42.445935 17.623650
4 1 15 93.636364 47.693921 199.144269 80.674079 240.471334 95.970563 0.000000 62.811556 49.262290 21.889551 9.975101 17.739773
4 1 16 98.167516 48.902613 114.950743 53.290720 113.922830 53.363823 127.591632 62.811236 14.110768 7.635647 13.334882 6.566218
4 1 17 97.192126 46.997750 124.035750 56.557639 0.000000 0.000000 126.409819 62.811417 18.465149 8.402518 1000.000000 1000.000000
4 1 18 89.373262 45.878533 202.491946 83.751229 230.851906 96.826454 117.235502 62.812224 51.330808 21.948200 43.542301 18.559821
4 1 19 96.363636 47.147088 134.936068 59.139951 112.743460 59.162734 125.230749 62.811422 20.980645 8.687062 10.900336 8.600463
4 1 20 58.474994 48.264262 330.993849 139.878856 334.290020 140.256791 78.382227 62.811916 52.267189 22.874136 51.269304 24.166594
4 2 1 96.363636 34.282725 1110.449395 0.000000 371.743347 814.372244 0.000000 46.927893 520.906771 41.801421 291.069736 82.417629
4 2 2 59.090909 47.908017 508.297154 200.646978 505.520006 246.879646 0.000000 62.812535 52.448307 20.841731 69.326867 21.845656
4 2 3 100.597608 50.426854 2437.543112 34.136464 2378.855610 1012.135235 128.809197 62.811126 162.036595 49.512770 284.557858 111.430082
4 2 4 44.272546 48.274104 750.147580 177.680315 733.571834 305.009744 0.610030 62.811264 82.262556 78.488547 100.303114 48.138260
4 2 5 72.727273 47.000527 542.258311 179.334817 552.113617 234.591351 94.513084 62.811649 79.530399 25.516670 81.939138 36.889625
4 2 6 98.181818 48.259037 503.149404 210.328070 510.975131 213.187925 0.000000 62.811501 69.600081 30.535135 71.463195 32.325074
4 2 7 97.272727 46.974708 533.209483 227.261405 540.870842 235.410149 126.411968 62.811489 72.361490 37.119428 74.403689 34.257467
4 2 8 16.707071 47.261881 626.230160 262.202140 635.716322 267.029542 20.659571 62.811434 83.198805 37.077738 86.282752 38.190611
4 2 9 94.545455 47.305525 288.745294 121.508133 297.867924 126.932351 0.000000 62.811650 50.230147 23.084590 47.409129 21.185047
4 2 10 62.727273 48.755485 338.893143 140.187425 339.718062 161.813711 0.000000 62.811505 48.785766 23.617967 51.449621 42.053562
4 2 11 89.693021 48.005856 343.349506 145.968867 348.798857 148.800427 0.000000 62.811719 54.919997 25.598084 55.400134 28.276904
4 2 12 96.363636 47.492567 397.764870 165.361338 406.950738 178.725577 0.000000 62.811615 63.643631 27.948376 61.660404 22.155174
4 2 13 26.108004 47.526176 452.185374 197.590052 129.659259 114.768850 2.317073 62.811547 63.719633 19.698896 43.921427 43.446939
4 2 14 52.668141 47.055925 417.899869 178.413168 422.916697 179.424411 68.521242 62.811567 59.134531 26.034772 58.642077 28.367686
4 2 15 85.454545 46.671388 461.432039 76.214416 321.065215 177.215991 0.000000 62.811438 55.956229 23.672955 108.425190 31.591571
4 2 16 3.504834 47.312767 174.026863 0.000003 561.964818 149.531479 0.216160 62.813153 54.416455 8.130761 27.175405 31.446909
4 2 17 0.000000 47.499501 113.906175 49.948108 0.000000 0.000000 20.000000 62.089218 1000.000000 4.823337 1000.000000 1000.000000
4 2 18 98.181818 48.333333 516.469689 60.645169 494.608739 199.306547 0.000000 62.811129 55.622176 11.201501 66.635428 34.980366
4 2 19 7.400029 47.709262 435.670959 180.619301 442.755812 183.888256 1.607374 62.811678 61.910241 29.461524 63.160152 29.846702
4 2 20 99.692267 47.237209 468.672681 126.567506 475.669713 234.202060 127.592667 62.811501 64.456838 40.654166 63.208485 22.682418
5 1 1 98.181818 48.502409 230.507221 98.309572 312.652633 131.386367 0.000000 62.811956 82.752272 36.822293 43.333936 23.344746
5 1 2 50.524943 47.832422 182.627790 78.946098 194.054311 0.000000 5.981094 62.811953 44.807058 19.471542 41.037555 6.557599
5 1 3 77.269308 48.395932 245.916291 120.174697 320.198953 132.687884 92.219186 62.811249 88.855356 26.649547 61.587386 25.997778
5 1 4 3.460514 48.492366 270.899767 110.518481 315.802393 136.768491 8.509236 62.811148 86.378318 41.284632 59.675041 26.111542
5 1 5 97.272727 48.330563 455.767729 197.346995 462.552891 195.756154 0.000000 62.811454 78.108702 24.381685 73.756278 32.775050
5 1 6 50.077123 47.346269 547.555779 150.800865 499.301455 213.174495 60.732100 62.811727 109.638142 70.018073 95.902467 41.314057
5 1 7 94.524196 46.485918 393.516065 165.065059 403.243553 173.420865 122.865722 62.811755 76.795273 34.030878 127.858725 27.703897
5 1 8 20.210603 47.577134 347.197849 145.195577 354.249305 180.694276 23.766236 62.811736 64.331508 28.901756 59.658747 31.749172
5 1 9 10.513399 48.410862 228.229919 93.139810 240.588495 104.103713 1.585660 62.811149 44.563216 22.201434 41.150631 17.827022
5 2 1 39.393329 48.738605 598.555752 126.264219 751.206416 196.274166 2.326964 62.811165 82.932488 75.313779 824.633475 68.323986
5 2 2 80.310183 47.526124 450.726127 0.000000 444.254041 183.682516 105.144758 62.811590 48.720761 11.657654 71.359923 34.201441
5 2 3 35.981560 47.875905 197.584808 83.558405 265.832913 110.305797 5.868900 62.812550 67.968281 27.530608 62.489382 29.738273
5 2 4 84.545455 48.502237 324.266473 138.044318 590.885142 248.987184 109.871602 62.811183 170.884594 69.305145 81.713797 68.155184
5 2 5 99.090909 48.551618 505.908108 164.334332 495.528300 173.869536 0.000000 62.811276 63.474209 55.727308 74.634332 29.007630
5 2 6 50.993348 47.620045 822.153896 162.183020 830.861010 352.584900 1.701077 62.811393 90.363756 103.357373 113.508187 52.309586
5 2 7 35.976844 46.544262 719.998402 303.773583 726.034299 353.780765 1.550577 62.811622 89.198329 39.807816 96.713115 53.570667
5 2 8 47.483895 46.263302 379.161109 164.891619 409.666420 167.192956 61.379348 62.811343 64.804433 22.452686 41.509742 27.098398
5 2 9 51.289331 47.526657 560.765807 207.757852 552.137143 232.059393 1.556857 62.811645 58.792532 44.119415 65.341738 28.767336
6 1 1 24.118335 48.598986 318.083836 107.487000 308.483928 130.555970 1.251581 62.811435 46.125847 37.158918 60.608563 26.663497
6 1 2 24.103271 48.037912 380.330136 118.305680 370.699674 152.345032 1.405448 62.811638 55.787897 46.487101 68.712926 29.248563
6 1 3 75.454545 48.315869 216.802243 91.357687 236.040532 93.246215 98.056638 62.811577 59.450894 25.849617 50.210704 22.712044
6 1 4 50.909091 46.694400 236.598160 101.962143 277.371902 0.000000 66.158483 62.812046 84.948501 33.034114 60.650555 8.972123
6 1 5 9.736306 47.948729 328.190690 136.746865 343.398285 143.929905 3.956631 62.811356 71.210198 31.580757 60.312118 26.298013
6 1 6 96.363636 48.161542 291.674695 116.328381 304.493800 126.850938 125.228668 62.811339 63.177350 30.435804 54.325176 23.116046
6 1 7 29.791684 47.735560 376.171524 137.174316 349.912607 147.490178 1.728104 62.811445 52.796770 33.708853 61.484934 26.133560
6 1 8 99.090909 46.842845 245.110721 100.266446 259.611020 111.991857 0.000000 62.811771 58.025197 29.238219 48.490912 21.775075
6 1 9 99.090909 48.032329 261.928486 109.547459 268.173953 113.426866 0.000000 62.811496 52.325353 23.396937 48.288483 20.705976
6 1 10 54.707847 48.357559 218.834213 89.543217 281.309885 92.030614 2.090186 62.811580 39.497078 18.962221 61.339452 16.447940
6 1 11 41.114666 48.782676 271.400466 112.692917 273.912441 130.937676 2.304274 62.811617 49.423526 24.655246 47.890553 38.394185
6 1 12 97.272727 38.670317 264.271315 110.768381 269.247460 114.815575 0.000000 51.982529 52.360428 23.621968 50.037885 21.277719
6 1 13 72.727273 47.434875 238.999720 97.934628 241.583431 106.732846 0.000000 62.812003 39.324486 18.446289 38.798015 19.601492
6 1 14 74.545455 47.194241 178.488959 75.129434 180.525061 76.952935 0.000000 62.811312 34.729788 15.120891 34.198363 14.482764
6 1 15 98.103876 50.335778 213.250017 86.495042 245.936384 105.455375 127.607248 64.255513 53.720808 24.532722 42.615769 18.469320
6 1 16 98.777520 48.184693 241.533402 86.261901 264.114548 123.537205 128.772652 62.811893 97.931288 34.520387 86.265608 34.783101
6 1 17 32.384283 47.603560 146.610836 67.372504 154.384824 64.489083 5.256316 62.811965 32.619487 14.733346 31.857974 12.637112
6 1 18 30.703028 48.333333 163.363419 69.370073 169.893938 72.358118 16.780979 62.811152 33.377180 14.398633 31.710276 13.870076
6 1 19 51.871961 48.630044 399.205137 176.429664 410.482106 182.533790 67.370513 62.811484 64.063414 30.584989 61.643441 27.997951
6 1 20 96.815034 48.166290 191.170048 123.562339 193.512505 81.922845 0.000000 62.811304 39.476643 24.245765 38.829700 16.792829
6 2 1 2.611965 48.327591 315.851569 95.459205 295.018535 124.482347 0.097453 62.811419 41.976424 33.093554 67.439465 29.642400
6 2 2 99.090909 48.018658 609.260313 87.000400 592.927346 172.745158 0.000000 62.811188 67.372986 114.461921 84.332906 81.260155
6 2 3 87.272727 47.231941 542.192591 139.919434 532.903505 225.826342 0.000000 62.811404 64.437811 63.931594 83.275173 36.784676
6 2 4 22.927694 48.310051 219.840465 94.177327 280.571255 121.085303 22.123711 62.811225 76.103606 31.679025 62.162227 27.423963
6 2 5 78.181818 46.682551 446.497847 119.774226 439.534017 203.625937 0.000000 62.811571 58.073364 49.495360 68.585025 23.679351
6 2 6 31.651503 48.333333 538.580284 203.339262 535.321297 230.854029 3.355897 62.811117 62.045110 27.189686 71.585252 33.579031
6 2 7 22.964287 47.577132 554.980197 151.371999 549.720399 229.547237 1.341503 62.811364 64.765312 63.098045 76.123650 34.287004
6 2 8 83.267921 47.362626 347.117788 107.354874 434.678137 142.866915 108.688816 62.811428 51.904114 37.865247 49.993926 26.997339
6 2 9 0.000000 47.419505 393.442759 159.929170 392.964009 165.189986 20.000000 62.811412 51.493258 27.375461 1000.000000 25.387996
6 2 10 52.727273 49.246506 406.117256 171.034363 409.676537 173.861593 0.000000 62.811844 59.571883 26.636210 58.235553 28.932631
6 2 11 89.090909 48.590276 317.369600 133.600606 321.120564 135.803827 0.000000 62.811654 49.386753 22.178717 48.303164 21.479155
6 2 12 86.363636 27.398227 1427.046232 608.596931 1425.871432 608.891192 0.000000 36.098639 163.813153 67.775663 178.526548 76.150622
6 2 13 92.563100 47.319578 532.394747 96.162812 539.251992 215.332557 127.393009 62.811541 68.865240 45.585754 68.917597 13.255991
6 2 14 99.073091 46.783515 577.545781 79.810050 618.360684 296.846871 128.772595 62.812029 70.590670 20.505959 66.057336 23.190144
6 2 15 99.366080 48.026536 387.906828 114.923755 367.410591 147.541525 175.548356 62.811118 46.546874 31.777603 56.805866 32.861597
6 2 16 98.181818 47.906852 168.109494 78.630664 308.616853 138.245428 0.000000 62.811334 50.620496 25.820745 147.395234 60.738453
6 2 17 25.095787 48.090475 126.539252 66.423553 129.510322 47.557544 1.250022 62.811340 15.602785 9.319066 15.893173 2.300219
6 2 18 67.214401 0.000000 484.080210 57.783392 401.792643 196.360434 88.607146 10.000000 55.595513 1000.000000 72.342375 1000.000000
6 2 19 23.906592 46.683228 405.079324 163.352910 399.874927 191.820527 1.963412 62.811795 49.005634 26.676248 55.499193 24.498436
6 2 20 12.823041 46.930091 451.208345 189.215110 459.589955 192.205139 15.619649 62.811645 61.688948 27.416727 61.384240 28.811666
7 1 1 51.818182 46.598885 245.434961 98.352881 301.397935 127.877300 0.000000 62.814634 85.511415 35.547702 57.260620 26.696136
7 1 2 96.363636 47.019271 271.392731 102.686859 263.487689 0.000009 0.000000 61.367392 44.351930 33.619418 56.435018 8.956800
7 1 3 98.181818 46.654095 211.942148 91.723556 275.812639 38.968125 0.000000 62.813219 75.841560 33.012369 57.319609 362.639858
7 1 4 99.090909 48.590227 302.590204 105.983945 291.327648 132.249196 0.000000 62.811482 44.137156 38.294213 56.863075 24.592157
7 1 5 59.902298 48.071010 255.595168 106.756452 276.171378 117.504011 81.519961 62.811193 67.364992 29.711673 54.237526 22.673789
7 1 6 17.164663 46.627647 268.719932 86.808020 332.038791 0.000035 0.195298 61.367233 95.921558 49.660399 59.935636 10.442069
7 1 7 98.181818 49.321041 186.812622 83.178287 196.924766 92.977416 0.000000 62.811303 46.396672 22.388836 41.536058 32.418489
7 1 8 103.033587 48.302754 252.410773 105.870010 259.908979 110.010589 0.000000 62.811525 53.076486 24.291631 48.612072 21.209237
7 1 9 39.337318 48.236232 327.104263 137.979756 335.684953 143.252287 55.397661 62.811188 54.953426 25.446804 55.195478 24.445380
7 2 1 70.915573 48.323671 225.330614 96.388471 321.064633 8.869930 54.077378 62.811790 87.419159 37.802681 103.131666 591.488153
7 2 2 96.175183 49.001275 529.969693 144.222690 518.832697 253.929733 125.244911 62.811316 62.502482 64.182591 82.180086 51.496136
7 2 3 19.613629 47.534235 362.830067 90.702510 349.310616 72.658955 14.893698 62.812878 65.474372 33.364505 45.891102 131.828940
7 2 4 95.454545 48.744011 486.124081 135.618712 475.378176 248.856985 124.047538 62.811334 60.409935 59.245580 73.220753 25.773631
7 2 5 50.424643 46.989475 497.787848 142.656112 492.021627 204.862125 52.736344 62.811433 59.842946 55.589585 73.159338 33.070556
7 2 6 48.728560 47.013463 634.042373 168.160356 623.322927 299.044886 65.688964 62.811471 68.099631 71.170471 82.894630 64.371694
7 2 7 99.534482 48.533219 458.671754 186.952653 453.246387 204.548422 128.784956 62.811239 57.583086 24.887026 69.507974 31.439811
7 2 8 0.785614 0.115865 344.440123 200.376057 353.939682 202.427060 0.185473 1.807308 66.135356 28.779098 68.373061 31.655308
7 2 9 0.000000 48.058390 609.566281 110.605310 611.964252 124.456027 20.000000 62.811108 1000.000000 65.202828 1000.000000 61.372463
8 1 1 93.636364 48.686996 301.834815 112.484388 296.024520 131.768013 121.684970 62.811542 52.014434 37.821018 56.662665 26.779537
8 1 2 0.000000 48.206980 337.090878 111.547829 330.218791 139.366706 20.000000 62.811509 50.201264 42.319883 1000.000000 26.941029
8 1 3 81.818182 47.922199 325.045459 113.061886 317.446720 134.344505 0.000000 62.811476 52.596788 38.114785 59.181959 25.654728
8 1 4 91.818182 48.574954 378.659337 117.312157 366.676630 153.822802 119.323699 62.811197 92.373406 48.690374 67.757289 35.699634
8 1 5 89.090909 46.839225 346.305188 133.724354 356.199039 151.105766 115.779268 62.811252 69.732540 40.150601 63.067656 27.587378
8 1 6 92.727273 48.287305 189.876056 80.577334 196.139368 83.947318 0.000000 62.811330 41.913080 18.222022 38.125769 16.703377
8 1 7 31.410195 38.795138 253.354940 104.710621 267.632540 116.546602 3.318266 46.933097 60.485423 30.441183 50.821949 22.437346
8 1 8 59.090909 48.692348 216.112003 88.781440 229.234367 96.186241 0.000000 62.811466 54.233654 24.769794 46.857654 20.372529
8 1 9 54.008698 47.653991 224.813794 97.093286 230.630149 100.333452 6.724209 62.811415 47.280918 21.554535 43.265826 19.298058
8 1 10 95.454545 48.082442 194.145629 84.285023 208.832927 110.668543 0.000000 62.811374 40.247398 18.139093 64.952592 33.156805
8 1 11 43.628689 52.024727 279.736225 116.485098 323.841832 134.244870 62.878277 62.814130 50.864140 22.277553 104.819906 39.287790
8 1 12 98.181818 47.564340 171.645637 74.206102 173.551828 75.106713 127.591314 62.811209 35.430827 15.374414 34.410787 15.025351
8 1 13 59.441770 48.211251 257.193762 107.107350 259.835947 110.673514 NaN 62.811565 44.115134 21.330016 45.453203 18.643193
8 1 14 37.772564 47.012287 208.657503 86.895900 213.978903 108.976164 0.403689 62.811420 42.005071 18.904898 40.520016 31.287962
8 1 15 97.272727 48.281224 339.452695 54.150523 342.368019 171.773516 126.409945 62.811654 47.182152 9.361880 51.976316 27.466078
8 1 16 22.125563 48.679823 149.921958 85.979378 158.370851 65.678327 4.773977 62.811179 31.079047 9.393948 34.886558 14.602840
8 1 17 90.888976 47.379017 186.973430 81.289543 266.344563 109.082708 118.140298 62.811390 66.287779 26.224297 123.857650 30.292823
8 1 18 85.223980 48.612957 325.187048 129.533176 328.858237 161.937321 151.469032 62.811356 50.715853 24.138050 51.220528 24.388673
8 1 19 91.818182 48.048300 196.753532 81.889961 201.800602 85.347801 0.000000 62.811299 40.316815 17.631420 39.370806 16.724314
8 1 20 37.485383 48.070473 292.235810 120.195664 293.199980 122.224458 1.862917 62.811716 48.579062 22.967649 50.782869 21.960549
8 2 1 95.639604 48.868500 674.187198 176.878595 672.081715 296.052266 125.228851 62.811294 77.082766 79.765245 93.054260 47.482486
8 2 2 73.636364 48.308052 528.073865 135.835100 520.296417 218.693269 0.000000 62.811324 61.428471 58.636863 77.466094 34.101421
8 2 3 97.876341 47.984366 510.694930 135.349727 500.603364 145.620669 127.591660 62.811396 59.667180 57.973880 77.424957 45.853143
8 2 4 15.367833 47.476905 568.453867 142.097989 563.365420 235.115935 7.180449 62.811494 55.668220 62.719275 76.741768 37.223745
8 2 5 56.363636 47.392673 586.593786 233.117849 579.198440 246.525346 0.000000 62.811382 75.908732 43.089324 87.373292 38.492898
8 2 6 99.090909 47.931851 351.526819 109.695132 347.938661 148.233912 0.000000 62.811388 49.351799 39.607400 56.880431 25.621862
8 2 7 96.363636 48.207565 395.199519 124.863210 392.429424 166.624834 0.000000 62.811223 54.309559 43.592443 62.998731 28.067632
8 2 8 11.493139 47.849763 259.641313 91.086727 256.326935 105.748925 0.680596 62.811269 42.385512 26.664493 50.104028 23.865795
8 2 9 94.545455 46.882553 357.269476 150.154077 368.079276 157.402822 0.000000 62.811466 59.474513 28.677994 56.671124 25.770230
8 2 10 40.816203 48.455126 298.726992 126.807679 299.520682 110.156914 2.981675 62.811551 44.351117 22.501780 47.450653 40.091791
8 2 11 16.018800 49.594580 333.425743 164.869472 337.612858 141.964783 1.698772 62.812210 52.147159 47.582099 51.264314 22.348347
8 2 12 34.028414 47.798062 225.205026 138.835457 237.743300 126.915415 1.550119 62.811237 47.451156 33.643973 42.672777 32.871308
8 2 13 30.548057 46.569453 423.883787 179.284130 431.289003 181.871946 1.682581 62.811793 59.193608 25.339544 58.300073 27.049351
8 2 14 48.920753 47.553766 504.493432 207.516666 501.241609 247.156131 59.265610 62.811480 61.213583 30.970558 66.373512 23.715092
8 2 15 13.272313 46.533816 508.000159 95.312292 308.623245 132.080260 6.632777 62.811525 52.829836 41.290465 121.983498 51.332136
8 2 16 0.000000 48.463148 129.170010 58.716980 142.498801 59.240914 20.000000 62.811110 1000.000000 12.164273 1000.000000 9.076784
8 2 17 37.654482 47.567295 163.605048 71.461177 215.815826 94.216671 7.450056 62.811784 45.306613 18.821720 78.448364 29.735505
8 2 18 98.109320 46.957709 444.359023 93.664922 384.286829 131.278111 128.773952 62.811611 50.342381 37.119929 71.142884 43.057755
8 2 19 88.181818 46.821171 256.596110 106.800222 260.783873 109.454621 0.000000 62.811531 46.065094 20.407629 46.205057 20.240580
8 2 20 31.570303 46.504625 308.625860 131.584590 314.355994 135.568451 2.081836 62.811707 49.640618 22.577661 51.103437 21.561058
