1 1 1 120.953 1.200
1 1 2 142.088 1.200
1 1 3 193.049 1.200
1 1 4 367.789 1.200
1 1 5 346.442 1.200
1 1 6 305.471 1.200
1 1 7 233.878 1.200
1 1 8 324.018 1.200
1 1 9 340.131 1.200
1 2 1 0.000 2.650
1 2 2 527.235 2.650
1 2 3 182.937 2.650
1 2 4 543.176 2.650
1 2 5 521.783 2.650
1 2 6 540.344 2.650
1 2 7 523.815 2.650
1 2 8 506.701 2.650
1 2 9 406.559 2.650
2 1 1 412.063 1.200
2 1 2 217.451 1.200
2 1 3 407.284 1.200
2 1 4 269.998 1.200
2 1 5 196.163 1.200
2 1 6 182.096 1.200
2 1 7 333.774 1.200
2 1 8 375.842 1.200
2 1 9 179.444 1.200
2 1 10 185.273 1.200
2 1 11 200.679 1.200
2 1 12 207.495 1.200
2 1 13 236.600 1.200
2 1 14 347.233 1.200
2 1 15 232.593 1.200
2 1 16 114.418 1.200
2 1 17 167.902 1.200
2 1 18 379.297 1.200
2 1 19 288.637 1.200
2 1 20 166.184 1.200
2 2 1 712.116 2.650
2 2 2 299.560 2.650
2 2 3 505.783 2.650
2 2 4 1915.231 2.650
2 2 5 455.928 2.650
2 2 6 396.071 2.650
2 2 7 490.347 2.650
2 2 8 503.353 2.650
2 2 9 375.555 2.650
2 2 10 188.964 2.650
2 2 11 297.950 2.650
2 2 12 507.856 2.650
2 2 13 415.250 2.650
2 2 14 511.798 2.650
2 2 15 250.711 2.650
2 2 16 168.378 2.650
2 2 17 148.721 2.650
2 2 18 172.107 2.650
2 2 19 496.104 2.650
2 2 20 450.058 2.650
3 1 1 192.180 1.200
3 1 2 268.414 1.200
3 1 3 246.260 1.200
3 1 4 411.019 1.200
3 1 5 284.934 1.200
3 1 6 234.946 1.200
3 1 7 295.073 1.200
3 1 8 245.579 1.200
3 1 9 325.831 1.200
3 2 1 276.230 2.650
3 2 2 343.445 2.650
3 2 3 246.159 2.650
3 2 4 736.977 2.650
3 2 5 542.128 2.650
3 2 6 949.922 2.650
3 2 7 434.939 2.650
3 2 8 511.387 2.650
3 2 9 468.069 2.650
4 1 1 433.518 1.200
4 1 2 269.637 1.200
4 1 3 359.166 1.200
4 1 4 265.927 1.200
4 1 5 254.533 1.200
4 1 6 254.875 1.200
4 1 7 246.820 1.200
4 1 8 399.394 1.200
4 1 9 179.460 1.200
4 1 10 232.502 1.200
4 1 11 139.002 1.200
4 1 12 249.123 1.200
4 1 13 209.907 1.200
4 1 14 253.382 1.200
4 1 15 199.144 1.200
4 1 16 114.951 1.200
4 1 17 124.036 1.200
4 1 18 202.492 1.200
4 1 19 134.936 1.200
4 1 20 330.994 1.200
4 2 1 1110.449 2.650
4 2 2 508.297 2.650
4 2 3 2437.543 2.650
4 2 4 750.148 2.650
4 2 5 542.258 2.650
4 2 6 503.149 2.650
4 2 7 533.209 2.650
4 2 8 626.230 2.650
4 2 9 288.745 2.650
4 2 10 338.893 2.650
4 2 11 343.350 2.650
4 2 12 397.765 2.650
4 2 13 452.185 2.650
4 2 14 417.900 2.650
4 2 15 461.432 2.650
4 2 16 174.027 2.650
4 2 17 113.906 2.650
4 2 18 516.470 2.650
4 2 19 435.671 2.650
4 2 20 468.673 2.650
5 1 1 230.507 1.200
5 1 2 182.628 1.200
5 1 3 245.916 1.200
5 1 4 270.900 1.200
5 1 5 455.768 1.200
5 1 6 547.556 1.200
5 1 7 393.516 1.200
5 1 8 347.198 1.200
5 1 9 228.230 1.200
5 2 1 598.556 2.650
5 2 2 450.726 2.650
5 2 3 197.585 2.650
5 2 4 324.266 2.650
5 2 5 505.908 2.650
5 2 6 822.154 2.650
5 2 7 719.998 2.650
5 2 8 379.161 2.650
5 2 9 560.766 2.650
6 1 1 318.084 1.200
6 1 2 380.330 1.200
6 1 3 216.802 1.200
6 1 4 236.598 1.200
6 1 5 328.191 1.200
6 1 6 291.675 1.200
6 1 7 376.172 1.200
6 1 8 245.111 1.200
6 1 9 261.928 1.200
6 1 10 218.834 1.200
6 1 11 271.400 1.200
6 1 12 264.271 1.200
6 1 13 239.000 1.200
6 1 14 178.489 1.200
6 1 15 213.250 1.200
6 1 16 241.533 1.200
6 1 17 146.611 1.200
6 1 18 163.363 1.200
6 1 19 399.205 1.200
6 1 20 191.170 1.200
6 2 1 315.852 2.650
6 2 2 609.260 2.650
6 2 3 542.193 2.650
6 2 4 219.840 2.650
6 2 5 446.498 2.650
6 2 6 538.580 2.650
6 2 7 554.980 2.650
6 2 8 347.118 2.650
6 2 9 393.443 2.650
6 2 10 406.117 2.650
6 2 11 317.370 2.650
6 2 12 1427.046 2.650
6 2 13 532.395 2.650
6 2 14 577.546 2.650
6 2 15 387.907 2.650
6 2 16 168.109 2.650
6 2 17 126.539 2.650
6 2 18 484.080 2.650
6 2 19 405.079 2.650
6 2 20 451.208 2.650
7 1 1 245.435 1.200
7 1 2 271.393 1.200
7 1 3 211.942 1.200
7 1 4 302.590 1.200
7 1 5 255.595 1.200
7 1 6 268.720 1.200
7 1 7 186.813 1.200
7 1 8 252.411 1.200
7 1 9 327.104 1.200
7 2 1 225.331 2.650
7 2 2 529.970 2.650
7 2 3 362.830 2.650
7 2 4 486.124 2.650
7 2 5 497.788 2.650
7 2 6 634.042 2.650
7 2 7 458.672 2.650
7 2 8 344.440 2.650
7 2 9 609.566 2.650
8 1 1 301.835 1.200
8 1 2 337.091 1.200
8 1 3 325.045 1.200
8 1 4 378.659 1.200
8 1 5 346.305 1.200
8 1 6 189.876 1.200
8 1 7 253.355 1.200
8 1 8 216.112 1.200
8 1 9 224.814 1.200
8 1 10 194.146 1.200
8 1 11 279.736 1.200
8 1 12 171.646 1.200
8 1 13 257.194 1.200
8 1 14 208.658 1.200
8 1 15 339.453 1.200
8 1 16 149.922 1.200
8 1 17 186.973 1.200
8 1 18 325.187 1.200
8 1 19 196.754 1.200
8 1 20 292.236 1.200
8 2 1 674.187 2.650
8 2 2 528.074 2.650
8 2 3 510.695 2.650
8 2 4 568.454 2.650
8 2 5 586.594 2.650
8 2 6 351.527 2.650
8 2 7 395.200 2.650
8 2 8 259.641 2.650
8 2 9 357.269 2.650
8 2 10 298.727 2.650
8 2 11 333.426 2.650
8 2 12 225.205 2.650
8 2 13 423.884 2.650
8 2 14 504.493 2.650
8 2 15 508.000 2.650
8 2 16 129.170 2.650
8 2 17 163.605 2.650
8 2 18 444.359 2.650
8 2 19 256.596 2.650
8 2 20 308.626 2.650
