1 1 1 89.375 2.000 97.144 48.522 2.500
1 1 2 124.450 2.000 30.575 43.611 2.500
1 1 3 222.357 0.759 33.847 48.254 2.500
1 1 4 137.196 1.506 24.489 48.333 2.500
1 1 5 147.334 2.271 38.635 47.190 2.500
1 1 6 216.679 1.155 82.727 48.945 2.500
1 1 7 196.574 1.664 95.455 48.320 2.500
1 1 8 168.605 2.600 18.209 46.927 2.500
1 1 9 149.900 0.793 93.534 50.088 2.500
1 2 1 202.540 0.904 0.516 46.993 2.500
1 2 2 204.761 1.230 97.467 48.132 2.500
1 2 3 236.297 0.958 29.297 47.277 2.500
1 2 4 211.677 0.998 97.494 47.422 2.500
1 2 5 183.789 3.000 80.000 47.706 2.500
1 2 6 168.592 1.131 68.182 47.584 2.500
1 2 7 205.006 2.690 51.280 47.905 2.500
1 2 8 203.755 3.000 11.375 47.517 2.500
1 2 9 212.312 0.562 81.648 48.293 2.500
2 1 1 164.284 1.146 89.091 45.927 2.500
2 1 2 194.695 0.648 14.085 47.346 2.500
2 1 3 207.001 1.574 24.889 46.460 2.500
2 1 4 195.721 1.078 31.400 40.000 2.500
2 1 5 206.589 1.655 64.545 47.653 2.500
2 1 6 186.408 1.214 8.955 48.145 2.500
2 1 7 177.412 1.762 33.732 48.570 2.500
2 1 8 221.729 1.687 99.091 47.538 2.500
2 1 9 209.627 2.258 94.545 48.598 2.500
2 1 10 207.693 2.869 64.545 47.992 2.500
2 1 11 211.952 2.526 17.032 48.431 2.500
2 1 12 198.362 2.756 59.091 48.321 2.500
2 1 13 198.383 2.022 75.455 48.466 2.500
2 1 14 182.373 2.164 5.286 46.671 2.500
2 1 15 212.525 0.523 29.602 48.157 2.500
2 1 16 208.887 0.745 98.235 44.969 2.500
2 1 17 206.484 0.867 98.094 48.314 2.500
2 1 18 211.637 0.903 70.909 48.004 2.500
2 1 19 209.769 1.621 97.253 48.181 2.500
2 1 20 224.377 1.261 97.273 46.753 2.500
2 2 1 195.169 1.016 20.174 47.517 2.500
2 2 2 221.368 0.589 93.636 48.601 2.500
2 2 3 211.501 1.048 17.881 46.781 2.500
2 2 4 182.931 3.000 88.182 39.745 2.500
2 2 5 177.134 1.486 97.273 48.333 2.500
2 2 6 217.406 2.998 100.529 48.333 2.500
2 2 7 195.559 2.736 97.273 47.395 2.500
2 2 8 192.649 3.000 54.545 47.339 2.500
2 2 9 204.931 3.000 62.727 47.805 2.500
2 2 10 227.055 3.000 0.106 0.303 2.500
2 2 11 200.116 3.000 37.472 48.306 2.500
2 2 12 217.542 3.000 84.545 47.865 2.500
2 2 13 208.469 2.910 30.811 46.928 2.500
2 2 14 204.929 1.748 99.091 46.585 2.500
2 2 15 216.166 0.979 21.538 47.253 2.500
2 2 16 211.686 0.843 17.023 46.764 2.500
2 2 17 203.055 0.695 78.196 48.554 2.500
2 2 18 187.702 0.833 89.091 47.902 2.500
2 2 19 207.207 2.624 47.137 47.151 2.500
2 2 20 204.616 2.228 27.558 47.838 2.500
3 1 1 204.960 0.835 38.635 48.333 2.500
3 1 2 194.229 0.555 81.818 48.241 2.500
3 1 3 179.019 0.800 24.909 47.885 2.500
3 1 4 178.202 1.532 34.920 48.457 2.500
3 1 5 192.677 2.239 87.273 48.101 2.500
3 1 6 210.817 1.150 27.499 48.530 2.500
3 1 7 206.794 2.362 78.152 48.015 2.500
3 1 8 207.094 2.809 89.081 48.111 2.500
3 1 9 224.060 2.207 10.578 47.241 2.500
3 2 1 212.723 0.528 76.364 47.952 2.500
3 2 2 239.406 0.563 99.091 48.366 2.500
3 2 3 182.583 0.822 27.762 48.212 2.500
3 2 4 150.965 1.803 99.091 47.626 2.500
3 2 5 199.811 3.000 70.909 47.895 2.500
3 2 6 205.569 1.952 98.182 46.992 2.500
3 2 7 199.041 3.000 50.386 47.419 2.500
3 2 8 237.358 3.000 71.818 47.923 2.500
3 2 9 179.005 1.474 98.513 48.333 2.500
4 1 1 219.848 1.142 87.273 36.138 2.500
4 1 2 193.749 0.895 76.364 47.811 2.500
4 1 3 238.455 0.979 91.053 38.719 2.500
4 1 4 181.018 0.970 0.000 48.149 2.500
4 1 5 186.766 1.622 46.315 47.498 2.500
4 1 6 193.033 1.653 76.364 47.421 2.500
4 1 7 192.787 1.440 57.273 47.559 2.500
4 1 8 197.483 2.845 95.455 47.394 2.500
4 1 9 201.981 2.011 98.106 47.218 2.500
4 1 10 196.451 2.913 62.727 52.051 2.500
4 1 11 209.945 1.831 98.182 46.156 2.500
4 1 12 182.559 2.613 96.364 45.236 2.500
4 1 13 229.835 0.836 84.545 47.442 2.500
4 1 14 223.548 1.393 20.132 48.071 2.500
4 1 15 208.299 0.869 93.636 47.694 2.500
4 1 16 204.334 0.760 98.168 48.903 2.500
4 1 17 216.549 0.784 97.192 46.998 2.500
4 1 18 170.283 0.910 89.373 45.879 2.500
4 1 19 212.249 0.536 96.364 47.147 2.500
4 1 20 214.809 1.932 58.475 48.264 2.500
4 2 1 188.175 2.744 96.364 34.283 2.500
4 2 2 243.140 1.327 59.091 47.908 2.500
4 2 3 200.753 3.000 100.598 50.427 2.500
4 2 4 199.713 1.176 44.273 48.274 2.500
4 2 5 195.952 3.000 72.727 47.001 2.500
4 2 6 177.185 2.807 98.182 48.259 2.500
4 2 7 187.046 2.973 97.273 46.975 2.500
4 2 8 204.545 2.300 16.707 47.262 2.500
4 2 9 176.379 2.678 94.545 47.306 2.500
4 2 10 235.048 3.000 62.727 48.755 2.500
4 2 11 177.637 3.000 89.693 48.006 2.500
4 2 12 177.142 3.000 96.364 47.493 2.500
4 2 13 202.325 3.000 26.108 47.526 2.500
4 2 14 207.599 1.379 52.668 47.056 2.500
4 2 15 205.375 1.132 85.455 46.671 2.500
4 2 16 202.115 0.989 3.505 47.313 2.500
4 2 17 197.702 0.554 0.000 47.500 2.500
4 2 18 229.368 1.004 98.182 48.333 2.500
4 2 19 186.614 1.353 7.400 47.709 2.500
4 2 20 230.938 1.300 99.692 47.237 2.500
5 1 1 222.791 0.695 98.182 48.502 2.500
5 1 2 199.173 0.955 50.525 47.832 2.500
5 1 3 207.518 0.818 77.269 48.396 2.500
5 1 4 173.352 1.080 3.461 48.492 2.500
5 1 5 195.498 1.616 97.273 48.331 2.500
5 1 6 200.355 1.139 50.077 47.346 2.500
5 1 7 193.140 2.504 94.524 46.486 2.500
5 1 8 205.462 2.620 20.211 47.577 2.500
5 1 9 188.081 1.048 10.513 48.411 2.500
5 2 1 228.994 0.831 39.393 48.739 2.500
5 2 2 168.663 1.068 80.310 47.526 2.500
5 2 3 213.882 0.798 35.982 47.876 2.500
5 2 4 196.538 1.598 84.545 48.502 2.500
5 2 5 150.951 1.707 99.091 48.552 2.500
5 2 6 163.206 1.320 50.993 47.620 2.500
5 2 7 172.611 3.000 35.977 46.544 2.500
5 2 8 204.257 2.228 47.484 46.263 2.500
5 2 9 193.290 1.033 51.289 47.527 2.500
6 1 1 208.750 1.016 24.118 48.599 2.500
6 1 2 185.450 0.550 24.103 48.038 2.500
6 1 3 213.935 1.050 75.455 48.316 2.500
6 1 4 198.394 0.978 50.909 46.694 2.500
6 1 5 213.515 1.366 9.736 47.949 2.500
6 1 6 226.276 2.307 96.364 48.162 2.500
6 1 7 168.448 1.566 29.792 47.736 2.500
6 1 8 273.623 1.501 99.091 46.843 2.500
6 1 9 201.262 2.638 99.091 48.032 2.500
6 1 10 170.887 2.813 54.708 48.358 2.500
6 1 11 188.762 3.000 41.115 48.783 2.500
6 1 12 209.814 2.575 97.273 38.670 2.500
6 1 13 224.898 1.477 72.727 47.435 2.500
6 1 14 176.234 0.549 74.545 47.194 2.500
6 1 15 222.720 0.855 98.104 50.336 2.500
6 1 16 205.584 0.939 98.778 48.185 2.500
6 1 17 231.437 0.706 32.384 47.604 2.500
6 1 18 211.728 0.793 30.703 48.333 2.500
6 1 19 175.305 1.304 51.872 48.630 2.500
6 1 20 195.197 0.991 96.815 48.166 2.500
6 2 1 179.786 1.113 2.612 48.328 2.500
6 2 2 193.470 0.063 99.091 48.019 2.500
6 2 3 208.973 1.276 87.273 47.232 2.500
6 2 4 225.553 1.064 22.928 48.310 2.500
6 2 5 201.543 1.638 78.182 46.683 2.500
6 2 6 186.540 1.725 31.652 48.333 2.500
6 2 7 159.229 1.839 22.964 47.577 2.500
6 2 8 191.330 2.056 83.268 47.363 2.500
6 2 9 194.114 2.803 0.000 47.420 2.500
6 2 10 181.310 3.000 52.727 49.247 2.500
6 2 11 215.116 3.000 89.091 48.590 2.500
6 2 12 156.814 3.000 86.364 27.398 2.500
6 2 13 208.397 3.000 92.563 47.320 2.500
6 2 14 210.212 1.563 99.073 46.784 2.500
6 2 15 202.580 0.866 99.366 48.027 2.500
6 2 16 199.724 0.994 98.182 47.907 2.500
6 2 17 205.523 0.762 25.096 48.090 2.500
6 2 18 218.355 0.986 67.214 0.000 2.500
6 2 19 190.701 1.575 23.907 46.683 2.500
6 2 20 177.131 1.386 12.823 46.930 2.500
7 1 1 185.643 0.507 51.818 46.599 2.500
7 1 2 224.572 1.139 96.364 47.019 2.500
7 1 3 201.398 0.871 98.182 46.654 2.500
7 1 4 209.084 1.224 99.091 48.590 2.500
7 1 5 189.450 2.024 59.902 48.071 2.500
7 1 6 187.434 1.248 17.165 46.628 2.500
7 1 7 188.801 1.304 98.182 49.321 2.500
7 1 8 201.274 2.374 103.034 48.303 2.500
7 1 9 192.777 1.131 39.337 48.236 2.500
7 2 1 193.000 0.831 70.916 48.324 2.500
7 2 2 216.528 1.313 96.175 49.001 2.500
7 2 3 189.342 0.895 19.614 47.534 2.500
7 2 4 222.937 1.363 95.455 48.744 2.500
7 2 5 221.857 0.899 50.425 46.989 2.500
7 2 6 210.694 1.187 48.729 47.013 2.500
7 2 7 195.350 1.396 99.534 48.533 2.500
7 2 8 203.579 3.000 0.786 0.116 2.500
7 2 9 197.549 1.372 0.000 48.058 2.500
8 1 1 194.465 0.548 93.636 48.687 2.500
8 1 2 210.405 1.341 0.000 48.207 2.500
8 1 3 239.256 0.550 81.818 47.922 2.500
8 1 4 168.172 0.897 91.818 48.575 2.500
8 1 5 179.791 2.311 89.091 46.839 2.500
8 1 6 173.440 1.701 92.727 48.287 2.500
8 1 7 368.743 2.084 31.410 38.795 2.500
8 1 8 191.927 1.644 59.091 48.692 2.500
8 1 9 201.310 2.471 54.009 47.654 2.500
8 1 10 199.777 2.864 95.455 48.082 2.500
8 1 11 197.786 3.000 43.629 52.025 2.500
8 1 12 206.554 2.076 98.182 47.564 2.500
8 1 13 195.992 1.543 59.442 48.211 2.500
8 1 14 177.657 1.122 37.773 47.012 2.500
8 1 15 186.404 0.835 97.273 48.281 2.500
8 1 16 229.901 0.715 22.126 48.680 2.500
8 1 17 174.088 0.863 90.889 47.379 2.500
8 1 18 217.295 0.970 85.224 48.613 2.500
8 1 19 192.877 1.290 91.818 48.048 2.500
8 1 20 169.014 1.774 37.485 48.070 2.500
8 2 1 222.478 1.128 95.640 48.869 2.500
8 2 2 172.001 1.992 73.636 48.308 2.500
8 2 3 170.459 1.797 97.876 47.984 2.500
8 2 4 175.533 0.158 15.368 47.477 2.500
8 2 5 212.154 3.000 56.364 47.393 2.500
8 2 6 221.734 1.003 99.091 47.932 2.500
8 2 7 198.311 2.968 96.364 48.208 2.500
8 2 8 191.896 1.736 11.493 47.850 2.500
8 2 9 165.299 3.000 94.545 46.883 2.500
8 2 10 196.987 3.000 40.816 48.455 2.500
8 2 11 187.355 3.000 16.019 49.595 2.500
8 2 12 222.232 1.997 34.028 47.798 2.500
8 2 13 224.788 2.694 30.548 46.569 2.500
8 2 14 170.871 2.518 48.921 47.554 2.500
8 2 15 198.703 1.071 13.272 46.534 2.500
8 2 16 191.279 0.752 0.000 48.463 2.500
8 2 17 209.194 0.932 37.654 47.567 2.500
8 2 18 208.461 1.016 98.109 46.958 2.500
8 2 19 230.143 0.711 88.182 46.821 2.500
8 2 20 210.085 2.105 31.570 46.505 2.500
