72 5 7 89.375000 10 50 248 940 400
72 5 4 124.449756 10 50 223 940 400
72 5 6 222.357443 10 50 247 940 400
72 6 4 137.196229 10 50 247 940 400
72 3 1 147.333883 10 50 241 940 400
72 4 5 216.679357 10 50 250 940 400
72 6 6 196.573683 10 50 247 940 400
72 8 2 168.605126 10 50 240 940 400
72 8 4 149.900425 10 50 256 940 400
72 5 13 202.540215 10 50 240 940 400
72 5 12 204.760581 10 50 246 940 400
72 5 14 236.297240 10 50 242 940 400
72 6 9 211.677319 10 50 242 940 400
72 3 15 183.789236 10 50 244 940 400
72 4 12 168.591601 10 50 243 940 400
72 6 11 205.006081 10 50 245 940 400
72 8 10 203.755141 10 50 243 940 400
72 8 8 212.311704 10 50 247 940 400
72 3 0 164.284135 10 50 235 940 400
72 4 6 194.694832 10 50 242 940 400
72 17 0 207.000675 10 50 237 940 400
72 19 1 195.720886 10 50 204 940 400
72 4 7 206.589265 10 50 243 940 400
72 6 7 186.407650 10 50 246 940 400
72 16 0 177.411701 10 50 248 940 400
72 17 1 221.728692 10 50 243 940 400
72 5 5 209.626735 10 50 248 940 400
72 7 7 207.693127 10 50 245 940 400
72 15 0 211.951560 10 50 247 940 400
72 16 1 198.361850 10 50 247 940 400
72 8 7 198.382885 10 50 248 940 400
72 8 6 182.372815 10 50 238 940 400
72 7 5 212.525102 10 50 246 940 400
72 7 6 208.887438 10 50 230 940 400
72 14 3 206.484492 10 50 247 940 400
72 14 4 211.637322 10 50 245 940 400
72 14 7 209.768751 10 50 246 940 400
72 14 6 224.376760 10 50 239 940 400
72 3 14 195.168554 10 50 243 940 400
72 4 15 221.367803 10 50 248 940 400
72 17 8 211.500892 10 50 239 940 400
72 19 9 182.930652 10 50 203 940 400
72 4 14 177.133756 10 50 247 940 400
72 6 8 217.405839 10 50 247 940 400
72 16 9 195.558520 10 50 242 940 400
72 18 14 192.648725 10 50 242 940 400
72 5 15 204.931213 10 50 244 940 400
72 7 10 227.054788 10 50 1 940 400
72 15 8 200.116397 10 50 247 940 400
72 16 8 217.541658 10 50 245 940 400
72 8 11 208.468987 10 50 240 940 400
72 8 12 204.929210 10 50 238 940 400
72 7 8 216.165707 10 50 241 940 400
72 7 9 211.685858 10 50 239 940 400
72 14 9 203.054927 10 50 248 940 400
72 14 8 187.701819 10 50 245 940 400
72 14 12 207.206628 10 50 241 940 400
72 14 11 204.615716 10 50 244 940 400
72 17 4 204.959506 10 50 247 940 400
72 17 2 194.228871 10 50 246 940 400
72 17 3 179.019413 10 50 245 940 400
72 16 3 178.201576 10 50 248 940 400
72 15 1 192.677152 10 50 246 940 400
72 16 2 210.817070 10 50 248 940 400
72 18 6 206.794326 10 50 245 940 400
72 13 5 207.093543 10 50 246 940 400
72 13 7 224.060196 10 50 241 940 400
72 17 10 212.722750 10 50 245 940 400
72 17 11 239.406144 10 50 247 940 400
72 17 9 182.583434 10 50 246 940 400
72 16 10 150.965260 10 50 243 940 400
72 15 9 199.810736 10 50 245 940 400
72 16 11 205.568871 10 50 240 940 400
72 18 15 199.040872 10 50 242 940 400
72 13 8 237.357970 10 50 245 940 400
72 13 10 179.004956 10 50 247 940 400
72 19 3 219.847787 10 50 184 940 400
72 18 2 193.748862 10 50 244 940 400
72 19 4 238.455054 10 50 198 940 400
72 17 5 181.018232 10 50 246 940 400
72 18 5 186.765844 10 50 243 940 400
72 17 6 193.032567 10 50 242 940 400
72 18 4 192.786753 10 50 243 940 400
72 16 4 197.482772 10 50 242 940 400
72 14 2 201.980768 10 50 241 940 400
72 14 5 196.450925 10 50 266 940 400
72 18 7 209.945232 10 50 236 940 400
72 15 2 182.559408 10 50 231 940 400
72 13 6 229.834970 10 50 242 940 400
72 10 3 223.548456 10 50 246 940 400
72 10 2 208.298515 10 50 244 940 400
72 10 4 204.333913 10 50 250 940 400
72 10 5 216.549177 10 50 240 940 400
72 10 7 170.283279 10 50 234 940 400
72 10 6 212.248730 10 50 241 940 400
72 14 1 214.808956 10 50 247 940 400
72 19 11 188.175270 10 50 175 940 400
72 18 11 243.140126 10 50 245 940 400
72 19 12 200.752801 10 50 258 940 400
72 17 13 199.713231 10 50 247 940 400
72 18 12 195.951797 10 50 240 940 400
72 17 12 177.184946 10 50 247 940 400
72 18 10 187.045639 10 50 240 940 400
72 16 13 204.545360 10 50 241 940 400
72 14 10 176.379177 10 50 242 940 400
72 14 13 235.048352 10 50 249 940 400
72 18 13 177.636772 10 50 245 940 400
72 15 10 177.142383 10 50 243 940 400
72 13 9 202.325197 10 50 243 940 400
72 10 11 207.599440 10 50 240 940 400
72 10 10 205.374838 10 50 238 940 400
72 10 13 202.114839 10 50 242 940 400
72 10 12 197.701879 10 50 243 940 400
72 10 15 229.368428 10 50 247 940 400
72 10 14 186.613791 10 50 244 940 400
72 14 14 230.938149 10 50 241 940 400
72 15 6 222.791050 10 50 248 940 400
72 4 0 199.172701 10 50 244 940 400
72 15 7 207.517779 10 50 247 940 400
72 17 7 173.352382 10 50 248 940 400
72 16 6 195.497956 10 50 247 940 400
72 16 5 200.354824 10 50 242 940 400
72 16 7 193.140012 10 50 237 940 400
72 15 5 205.461891 10 50 243 940 400
72 14 0 188.080734 10 50 247 940 400
72 15 14 228.994428 10 50 249 940 400
72 4 9 168.663430 10 50 243 940 400
72 15 15 213.881644 10 50 245 940 400
72 17 14 196.537703 10 50 248 940 400
72 16 15 150.950771 10 50 248 940 400
72 16 12 163.205827 10 50 243 940 400
72 16 14 172.611194 10 50 238 940 400
72 15 13 204.256737 10 50 236 940 400
72 14 15 193.289654 10 50 243 940 400
72 3 6 208.749983 10 50 248 940 400
72 13 3 185.449880 10 50 245 940 400
72 9 7 213.934608 10 50 247 940 400
72 18 1 198.394038 10 50 239 940 400
72 18 0 213.514794 10 50 245 940 400
72 13 4 226.276185 10 50 246 940 400
72 9 2 168.447706 10 50 244 940 400
72 4 1 273.623054 10 50 239 940 400
72 3 7 201.262314 10 50 245 940 400
72 13 2 170.886523 10 50 247 940 400
72 7 0 188.762252 10 50 249 940 400
72 19 6 209.813765 10 50 197 940 400
72 13 0 224.897785 10 50 242 940 400
72 13 1 176.234253 10 50 241 940 400
72 15 4 222.720346 10 50 257 940 400
72 15 3 205.583792 10 50 246 940 400
72 7 1 231.436641 10 50 243 940 400
72 7 2 211.727764 10 50 247 940 400
72 9 4 175.304614 10 50 248 940 400
72 9 3 195.196880 10 50 246 940 400
72 3 8 179.786430 10 50 247 940 400
72 13 15 193.469542 10 50 245 940 400
72 9 15 208.973432 10 50 241 940 400
72 18 8 225.552932 10 50 247 940 400
72 17 15 201.542709 10 50 238 940 400
72 13 12 186.539795 10 50 247 940 400
72 9 10 159.228504 10 50 243 940 400
72 4 8 191.329543 10 50 242 940 400
72 3 9 194.113790 10 50 242 940 400
72 13 11 181.310439 10 50 252 940 400
72 7 15 215.115948 10 50 248 940 400
72 19 14 156.814219 10 50 140 940 400
72 13 14 208.396836 10 50 242 940 400
72 13 13 210.212331 10 50 239 940 400
72 15 11 202.580277 10 50 245 940 400
72 15 12 199.723613 10 50 245 940 400
72 7 13 205.523017 10 50 246 940 400
72 7 14 218.354931 10 50 0 940 400
72 9 13 190.700515 10 50 238 940 400
72 9 14 177.130729 10 50 240 940 400
72 6 2 185.642758 10 50 238 940 400
72 5 2 224.571626 10 50 240 940 400
72 6 1 201.397882 10 50 238 940 400
72 5 0 209.084147 10 50 248 940 400
72 6 0 189.450215 10 50 246 940 400
72 18 3 187.434402 10 50 238 940 400
72 5 1 188.800566 10 50 252 940 400
72 7 3 201.274395 10 50 247 940 400
72 8 1 192.776939 10 50 246 940 400
72 6 15 193.000054 10 50 247 940 400
72 5 11 216.527508 10 50 250 940 400
72 6 14 189.342129 10 50 243 940 400
72 5 9 222.936888 10 50 249 940 400
72 6 13 221.857342 10 50 240 940 400
72 18 9 210.694131 10 50 240 940 400
72 5 8 195.350007 10 50 248 940 400
72 7 12 203.579129 10 50 0 940 400
72 8 13 197.548870 10 50 245 940 400
72 5 3 194.465347 10 50 249 940 400
72 3 4 210.405347 10 50 246 940 400
72 3 5 239.256313 10 50 245 940 400
72 3 3 168.172485 10 50 248 940 400
72 6 3 179.790897 10 50 239 940 400
72 4 3 173.439737 10 50 247 940 400
72 4 2 368.743278 10 50 198 940 400
72 3 2 191.926723 10 50 249 940 400
72 6 5 201.310033 10 50 243 940 400
72 4 4 199.777384 10 50 246 940 400
72 8 5 197.786278 10 50 266 940 400
72 7 4 206.554178 10 50 243 940 400
72 8 0 195.992224 10 50 246 940 400
72 9 5 177.657088 10 50 240 940 400
72 9 6 186.403673 10 50 247 940 400
72 9 0 229.901441 10 50 249 940 400
72 9 1 174.087942 10 50 242 940 400
72 10 1 217.294750 10 50 248 940 400
72 10 0 192.877426 10 50 245 940 400
72 8 3 169.014367 10 50 246 940 400
72 5 10 222.478115 10 50 250 940 400
72 3 10 172.001327 10 50 247 940 400
72 3 11 170.458826 10 50 245 940 400
72 3 13 175.533013 10 50 243 940 400
72 6 10 212.154187 10 50 242 940 400
72 4 10 221.734242 10 50 245 940 400
72 4 11 198.311422 10 50 246 940 400
72 3 12 191.896374 10 50 244 940 400
72 6 12 165.299237 10 50 239 940 400
72 4 13 196.986875 10 50 248 940 400
72 8 15 187.355175 10 50 253 940 400
72 7 11 222.231838 10 50 244 940 400
72 8 14 224.788443 10 50 238 940 400
72 9 12 170.871057 10 50 243 940 400
72 9 11 198.702865 10 50 238 940 400
72 9 9 191.278707 10 50 248 940 400
72 9 8 209.193776 10 50 243 940 400
72 10 8 208.461191 10 50 240 940 400
72 10 9 230.143198 10 50 239 940 400
72 8 9 210.085431 10 50 238 940 400
