1 1 1 91.798856 43.233547 97.770932 45.785922 0.000000 0.000000 119.321380 57.035377 14.017318 4.170067 1000.000000 1000.000000
1 1 2 88.012566 41.756977 306.067787 139.879600 306.167294 139.857145 116.958999 57.036807 67.789447 30.716146 68.522363 31.266595
1 1 3 88.032532 37.691177 98.374455 44.203897 0.000000 0.000000 114.595765 51.981590 17.479486 4.878738 1000.000000 1000.000000
1 1 4 92.619578 39.386735 827.737757 351.686593 810.824100 344.495793 120.506368 51.281141 96.930649 42.121968 93.823325 40.838776
1 1 5 84.437771 38.617573 1576.321300 674.544387 1558.238940 666.828743 109.874121 51.140812 123.041044 54.528653 120.515673 53.464390
1 1 6 93.385677 45.385331 103.196918 44.352894 0.000000 0.000000 121.684159 57.035353 15.102009 4.842397 1000.000000 1000.000000
1 1 7 91.182810 47.859179 316.032670 139.081669 312.991027 137.231356 122.867641 62.811545 68.115104 30.291839 67.005479 29.529211
1 1 8 98.675155 50.718803 193.506739 81.920684 193.506351 81.920482 128.772859 62.811105 42.646013 16.627292 42.645266 16.627185
1 1 9 0.000000 0.000000 0.000000 0.000000 0.000000 0.000000 20.000000 10.000000 1000.000000 1000.000000 1000.000000 1000.000000
1 2 1 0.000000 0.000000 130.991736 0.000002 0.000000 0.000000 20.000000 10.000000 1000.000000 1000.000000 1000.000000 1000.000000
1 2 2 98.620164 43.345944 109.238272 48.307874 109.238223 48.307439 127.591160 57.035349 14.377207 5.024742 14.377581 5.024636
1 2 3 0.000000 0.000000 93.208127 0.000000 0.000000 0.000000 20.000000 10.000000 1000.000000 1000.000000 1000.000000 1000.000000
1 2 4 89.484360 39.321258 533.153955 233.745885 517.137227 226.719172 117.019855 51.261735 69.205449 31.000552 65.824364 29.367905
1 2 5 0.000000 48.278046 521.460717 220.945709 510.678714 216.357130 20.000000 62.827540 1000.000000 28.045530 1000.000000 27.219189
1 2 6 0.000000 0.000000 0.000000 0.000000 0.000000 0.000000 20.000000 10.000000 1000.000000 1000.000000 1000.000000 1000.000000
1 2 7 0.000000 46.611382 439.375093 186.647188 429.131934 182.255731 20.000000 60.662228 1000.000000 27.786072 1000.000000 26.941213
1 2 8 98.990243 47.472326 255.564376 107.136954 255.620530 107.135301 128.814401 62.813811 46.652319 19.531429 46.467416 19.535466
1 2 9 88.179547 37.766186 93.662831 42.047903 0.000000 0.000000 114.595790 51.981648 7.123052 3.382830 1000.000000 1000.000000
2 1 1 0.000000 47.722491 1514.178556 654.609798 1494.933646 646.375964 20.000000 62.105765 1000.000000 57.054744 1000.000000 55.461220
2 1 2 98.983207 46.611382 1533.700860 665.779324 1533.700596 665.779109 128.775933 60.662228 135.368637 60.658732 135.363775 60.656357
2 1 3 93.843654 37.616452 97.609983 15.151401 97.732625 53.691661 122.865573 51.981630 12.993357 4.102788 13.218482 5.462537
2 1 4 99.831814 43.529707 117.883738 51.618925 116.059399 50.168769 127.591163 57.035350 19.634299 7.038678 19.409126 6.545815
2 1 5 0.000000 0.000000 3314.597340 1438.893795 3288.602863 1427.129031 20.000000 10.000000 1000.000000 1000.000000 1000.000000 1000.000000
2 1 6 0.000000 37.040870 2623.316218 1147.567003 2638.295638 1153.304466 20.000000 52.733933 1000.000000 70.402946 1000.000000 69.589319
2 1 7 98.387447 43.563827 105.128557 46.967650 106.353053 47.122146 127.591174 57.035364 18.162618 5.684759 18.718007 5.676553
2 1 8 92.619578 43.831199 518.347115 221.513849 508.979125 217.476610 120.506368 57.045017 79.035325 34.370118 77.543130 33.790953
2 1 9 90.490867 43.290545 183.760722 83.267182 182.915906 82.862415 118.139966 57.035364 49.078447 18.853144 48.897431 20.238627
2 1 10 0.000000 0.000000 2405.418396 1051.594781 2388.367633 1044.313007 20.000000 10.000000 1000.000000 1000.000000 1000.000000 1000.000000
2 1 11 93.799291 49.670456 248.582153 105.788930 246.847768 104.608608 121.684301 62.811378 55.303934 23.259083 54.206588 22.079793
2 1 12 91.371842 53.405920 133.796887 57.437534 133.248559 56.984974 119.321360 62.811081 32.987389 11.308671 32.503667 10.782115
2 1 13 94.078121 37.159396 101.612699 43.518333 0.000000 0.000000 121.684173 51.981644 12.023344 3.042849 1000.000000 1000.000000
2 1 14 0.000000 0.000000 180.648148 78.603448 0.000000 0.000000 20.000000 10.000000 1000.000000 1000.000000 1000.000000 1000.000000
2 1 15 94.242883 43.754706 120.949545 53.094306 121.922328 53.189955 122.865558 57.035350 21.688238 7.949645 21.635402 8.717859
2 1 16 0.000000 0.000000 0.000000 0.000000 0.000000 0.000000 20.000000 10.000000 1000.000000 1000.000000 1000.000000 1000.000000
2 1 17 0.000000 0.000000 0.000000 0.000000 0.000000 0.000000 20.000000 10.000000 1000.000000 1000.000000 1000.000000 1000.000000
2 1 18 0.000000 0.000000 0.000000 0.000000 0.000000 0.000000 20.000000 10.000000 1000.000000 1000.000000 1000.000000 1000.000000
2 1 19 0.000000 0.000000 0.000000 0.000000 0.000000 0.000000 20.000000 10.000000 1000.000000 1000.000000 1000.000000 1000.000000
2 1 20 93.275862 37.876272 106.744617 45.380640 105.808690 43.305167 121.684164 51.981593 19.705869 5.278296 18.693892 2.916187
2 2 1 0.000000 47.166937 649.329037 277.227511 633.756122 270.518950 20.000000 61.383994 1000.000000 29.966398 1000.000000 28.610203
2 2 2 90.909726 40.752483 1022.063344 444.413637 1022.073838 444.420002 119.426462 56.323350 109.710570 49.425679 109.692691 49.417282
2 2 3 99.228571 37.112017 108.146944 44.921609 106.716149 45.360533 127.591161 51.981587 13.490343 4.213068 11.722169 4.429777
2 2 4 96.255937 47.875395 280.902554 117.475931 268.766963 112.287748 125.231830 62.818543 47.237790 20.323597 44.099939 19.064610
2 2 5 97.165027 45.000442 2219.515578 983.551744 2160.226220 957.084359 126.413197 59.213591 128.851823 59.231626 110.901335 51.521348
2 2 6 95.346847 43.275644 1987.793139 874.578622 1937.251500 852.259627 124.050464 56.332959 128.133594 58.294081 114.575586 52.445830
2 2 7 0.000000 0.000000 983.703273 431.616035 962.937739 422.658378 20.000000 10.000000 1000.000000 1000.000000 1000.000000 1000.000000
2 2 8 0.000000 0.000000 2161.670293 936.638502 2098.241189 908.971431 20.000000 10.000000 1000.000000 1000.000000 1000.000000 1000.000000
2 2 9 0.000000 0.000000 384.678921 170.263906 377.413932 167.040823 20.000000 10.000000 1000.000000 1000.000000 1000.000000 1000.000000
2 2 10 1.676240 1.972198 405.002789 197.116637 398.761573 194.012145 1.907646 2.014922 71.682233 34.305179 70.466213 33.734697
2 2 11 0.000000 49.389156 444.145160 185.246671 430.029810 179.256520 20.000000 64.271104 1000.000000 26.839269 1000.000000 25.589095
2 2 12 0.000000 0.000000 442.662208 187.448178 433.471085 183.512191 20.000000 10.000000 1000.000000 1000.000000 1000.000000 1000.000000
2 2 13 91.338450 38.521741 98.058032 26.607452 0.000000 0.000000 119.321397 51.981623 8.976289 2.289778 1000.000000 1000.000000
2 2 14 0.000000 0.000000 0.000000 0.000000 0.000000 0.000000 20.000000 10.000000 1000.000000 1000.000000 1000.000000 1000.000000
2 2 15 90.235900 37.733226 96.668730 42.861894 95.877375 42.772420 118.140037 51.981722 10.090999 3.427139 10.394576 3.361373
2 2 16 0.000000 0.000000 0.000000 0.000000 0.000000 0.000000 20.000000 10.000000 1000.000000 1000.000000 1000.000000 1000.000000
2 2 17 88.657266 37.273248 103.829221 44.248108 0.000000 0.000000 115.777168 51.981646 18.072723 4.655997 1000.000000 1000.000000
2 2 18 0.000000 0.000000 0.000000 0.000000 0.000000 0.000000 20.000000 10.000000 1000.000000 1000.000000 1000.000000 1000.000000
2 2 19 0.000000 0.000000 0.000000 0.000000 0.000000 0.000000 20.000000 10.000000 1000.000000 1000.000000 1000.000000 1000.000000
2 2 20 88.191555 39.209604 100.687033 42.028641 101.208527 42.178302 115.777163 51.981588 11.328360 3.683656 11.090070 3.780252
3 1 1 83.528682 39.944725 641.719267 278.908093 644.650430 280.802152 108.692764 52.001465 87.765464 39.036581 85.474550 37.734413
3 1 2 0.000000 0.000000 614.807774 263.217453 0.000000 0.000000 20.000000 10.000000 1000.000000 1000.000000 1000.000000 1000.000000
3 1 3 90.294562 49.184857 274.512252 116.648093 274.811876 116.798395 121.685336 62.812308 57.437673 24.706535 58.890465 25.314248
3 1 4 0.000000 46.611382 2468.653171 1067.699390 2443.934676 1057.224968 20.000000 60.662228 1000.000000 65.473974 1000.000000 64.274816
3 1 5 94.437757 43.275644 3642.542126 1574.320860 3579.764127 1551.478357 122.869098 56.332959 173.889042 31.011671 162.169373 39.094082
3 1 6 96.315963 50.566992 216.278233 92.686030 216.281084 92.686618 125.228385 62.811198 48.797752 19.776088 48.799038 19.776479
3 1 7 88.074129 39.386762 3025.090172 1301.892327 2977.444579 1281.500215 114.599556 51.281120 156.035613 70.173305 146.424910 66.259406
3 1 8 96.317218 37.366000 119.941373 48.729253 119.938812 48.782564 125.228358 51.981585 22.576853 6.856582 22.572888 6.896931
3 1 9 0.000000 0.000000 0.000000 0.000000 0.000000 0.000000 20.000000 10.000000 1000.000000 1000.000000 1000.000000 1000.000000
3 2 1 103.048246 44.512467 102.558804 43.548001 102.547380 43.530531 127.609266 57.035441 9.840863 2.742248 9.831116 2.571435
3 2 2 0.000000 0.000000 324.600000 138.100000 0.000000 0.000000 20.000000 10.000000 1000.000000 1000.000000 1000.000000 1000.000000
3 2 3 92.668125 37.406320 102.218414 42.942071 99.211400 42.942023 120.502797 51.981618 42.303308 3.085709 9.662873 3.085603
3 2 4 93.528668 39.944725 1113.277978 473.640054 1093.524107 465.172739 121.687733 52.001465 76.829447 34.179274 73.025033 32.570792
3 2 5 91.710488 41.608980 937.894172 394.521231 911.353789 383.174234 119.325004 54.167842 83.388801 36.377461 77.078185 33.676576
3 2 6 100.764241 48.749642 210.376875 88.111360 210.382582 88.114666 128.774626 62.811515 36.197460 15.545693 36.203447 15.548596
3 2 7 0.000000 43.275616 1460.611923 626.009150 1421.249571 608.996382 20.000000 56.332979 1000.000000 47.331943 1000.000000 43.088970
3 2 8 98.635369 49.030808 265.923356 111.228018 266.148995 111.293661 126.412277 64.258573 45.918263 19.615024 46.026613 19.736091
3 2 9 91.494093 36.459033 103.059755 47.434026 0.000000 0.000000 119.321402 51.981633 11.641859 26.186091 1000.000000 1000.000000
4 1 1 0.000000 43.833608 1599.131641 701.790351 1555.685730 682.730672 20.000000 57.053472 1000.000000 55.572044 1000.000000 50.265426
4 1 2 93.728676 51.708618 191.145645 82.434814 191.148160 82.435021 122.865565 62.811107 44.314535 17.017244 44.316816 17.018236
4 1 3 91.710488 37.720099 577.359590 244.748335 560.219346 237.424314 119.323181 49.116166 82.303244 35.889944 78.428161 34.231071
4 1 4 84.437771 39.942317 2177.239316 959.136677 2190.565790 965.785101 109.874121 52.002788 144.654543 66.100058 142.778368 66.758494
4 1 5 88.074129 37.164545 1700.681106 735.863786 1667.998694 721.628164 114.599556 48.394534 140.812168 63.191978 134.949274 60.765009
4 1 6 95.815303 46.121179 347.093312 152.286847 347.191432 152.333652 125.231373 59.923475 70.886426 31.542355 70.876231 31.507582
4 1 7 94.577855 44.025214 109.122078 49.248159 108.428061 48.594460 122.865558 57.035355 20.780739 7.383055 20.138999 7.097427
4 1 8 0.000000 40.279143 521.915226 224.442467 515.482734 221.666873 20.000000 54.292517 1000.000000 34.050340 1000.000000 33.583428
4 1 9 89.869456 49.013880 294.216979 124.039366 294.222648 124.042243 116.959737 62.811593 63.760725 27.551543 63.762222 27.552546
4 1 10 91.760993 38.221020 102.409256 42.972193 103.222544 42.761838 119.321362 51.981599 12.304215 3.954957 14.321057 3.975808
4 1 11 85.014335 39.900241 85.165091 37.806877 97.286442 41.463540 111.051665 53.425594 30.402968 51.606929 18.789018 21.326537
4 1 12 89.664757 37.201301 102.312932 44.237898 103.293547 44.296043 116.958562 51.981595 17.998997 4.886146 17.470865 4.812865
4 1 13 96.845030 43.642817 102.385025 48.019992 0.000000 0.000000 128.774515 57.035679 15.746677 12.700080 1000.000000 1000.000000
4 1 14 0.000000 0.000000 0.000000 0.000000 0.000000 0.000000 20.000000 10.000000 1000.000000 1000.000000 1000.000000 1000.000000
4 1 15 0.000000 0.000000 0.000000 0.000000 0.000000 0.000000 20.000000 10.000000 1000.000000 1000.000000 1000.000000 1000.000000
4 1 16 92.309368 45.992411 97.884866 45.556721 97.069133 45.266898 121.684240 59.923254 33.556015 7.615458 33.831824 6.927010
4 1 17 0.000000 0.000000 0.000000 0.000000 0.000000 0.000000 20.000000 10.000000 1000.000000 1000.000000 1000.000000 1000.000000
4 1 18 0.000000 0.000000 0.000000 0.000000 0.000000 0.000000 20.000000 10.000000 1000.000000 1000.000000 1000.000000 1000.000000
4 1 19 88.162137 41.944307 0.008305 45.749710 0.000000 0.000000 86.450592 54.869508 177.650582 8.732995 1000.000000 1000.000000
4 1 20 0.000000 0.000000 0.000000 0.000000 0.000000 0.000000 20.000000 10.000000 1000.000000 1000.000000 1000.000000 1000.000000
4 2 1 89.913053 35.249797 98.691785 42.022779 99.407456 41.773852 119.321373 64.130481 11.706452 3.927190 11.596783 3.772753
4 2 2 94.638520 49.675626 211.533489 92.313460 211.559346 92.330921 125.228448 62.811250 43.248077 20.021157 43.290764 20.028271
4 2 3 99.582269 52.128717 134.978575 57.025082 130.604013 55.237849 127.591170 62.811087 22.535044 8.189373 20.836898 7.678964
4 2 4 94.268640 40.000000 457.190223 15.298962 99.420220 42.208856 122.865601 51.981598 8.428537 5.662810 8.118676 3.063311
4 2 5 86.255950 51.481251 325.768562 139.115978 316.535538 135.154045 112.236837 64.290050 55.236936 24.049232 53.415160 23.196195
4 2 6 96.108874 52.330668 134.812309 56.791760 134.811961 56.791783 125.228360 62.811090 23.660106 8.314085 23.659874 8.314088
4 2 7 88.983219 41.608980 802.984007 354.149136 775.026813 341.760689 115.780917 54.167841 85.961550 39.112325 78.617881 35.868699
4 2 8 88.983219 38.831208 792.867776 336.081557 775.570855 328.674787 115.780917 50.559460 76.316652 33.509317 72.974767 32.148362
4 2 9 96.137821 46.459312 259.041973 110.118981 259.040592 110.118790 127.606683 62.813076 49.894270 21.689537 49.887786 21.686675
4 2 10 87.165040 37.720099 383.812543 161.748273 374.346183 157.751487 113.418196 49.116166 58.342467 25.299963 56.851742 24.437533
4 2 11 97.659039 50.980987 153.114013 67.733734 150.639498 64.387880 127.591165 62.811093 30.694265 12.642174 38.098634 18.180437
4 2 12 98.983207 40.087845 772.192220 325.145565 751.024482 316.341678 128.775933 55.626336 77.777952 34.056756 72.878921 32.221643
4 2 13 93.175731 37.535822 99.403752 7.584231 0.000000 0.000000 122.865619 51.981651 9.462408 16.825051 1000.000000 1000.000000
4 2 14 0.000000 0.000000 0.000000 0.000000 0.000000 0.000000 20.000000 10.000000 1000.000000 1000.000000 1000.000000 1000.000000
4 2 15 0.000000 0.000000 225.452196 96.802326 0.000000 0.000000 20.000000 10.000000 1000.000000 1000.000000 1000.000000 1000.000000
4 2 16 90.318578 50.660491 166.526983 72.343447 164.853698 71.469877 118.139968 62.811089 34.034618 12.793629 37.619767 15.698733
4 2 17 0.000000 0.000000 0.000000 0.000000 0.000000 0.000000 20.000000 10.000000 1000.000000 1000.000000 1000.000000 1000.000000
4 2 18 0.000000 0.000000 0.000000 0.000000 0.000000 0.000000 20.000000 10.000000 1000.000000 1000.000000 1000.000000 1000.000000
4 2 19 93.075403 37.999372 100.621240 44.283404 0.000000 0.000000 122.865777 51.981813 16.041275 8.519410 1000.000000 1000.000000
4 2 20 98.796088 36.634264 106.445416 43.753211 0.000000 0.000000 128.772592 51.981587 11.317786 3.393412 1000.000000 1000.000000
5 1 1 98.837203 50.710497 171.538888 75.942145 0.000000 0.000000 128.772596 62.811096 37.021324 14.200623 1000.000000 1000.000000
5 1 2 0.000000 43.833608 421.711839 182.872713 416.761853 178.403985 20.000000 57.053472 1000.000000 35.295004 1000.000000 34.259370
5 1 3 0.000000 0.000000 428.978884 183.308328 0.000000 0.000000 20.000000 10.000000 1000.000000 1000.000000 1000.000000 1000.000000
5 1 4 0.000000 46.611382 1844.566262 805.495123 0.000000 0.000000 20.000000 60.662228 1000.000000 60.640315 1000.000000 1000.000000
5 1 5 94.437757 44.386753 374.227795 158.684856 370.559569 157.020906 122.869098 57.776404 64.340574 27.778033 63.438912 27.518235
5 1 6 88.074129 40.497843 2352.641007 1014.721564 0.000000 0.000000 114.599556 52.724486 126.560734 57.156232 1000.000000 1000.000000
5 1 7 95.346847 43.879962 1614.300546 689.455354 1614.283246 689.467942 124.050464 57.166660 112.406351 50.119799 112.398370 50.068508
5 1 8 95.705132 43.909865 108.014086 46.360900 107.695891 46.023692 125.228362 57.035353 16.635269 4.895820 15.318048 4.528113
5 1 9 0.000000 0.000000 0.000000 0.000000 0.000000 0.000000 20.000000 10.000000 1000.000000 1000.000000 1000.000000 1000.000000
5 2 1 0.000000 0.000000 0.000000 0.000000 0.000000 0.000000 20.000000 10.000000 1000.000000 1000.000000 1000.000000 1000.000000
5 2 2 87.375739 39.190039 38.064429 44.531283 92.006035 41.871761 114.595837 51.981662 16.282241 6.862896 6.461891 3.587777
5 2 3 0.000000 0.000000 0.000003 0.000077 0.000000 0.000000 20.000000 10.000000 1000.000000 1000.000000 1000.000000 1000.000000
5 2 4 0.000000 0.000000 0.000000 0.000000 0.000000 0.000000 20.000000 10.000000 1000.000000 1000.000000 1000.000000 1000.000000
5 2 5 91.709611 49.222101 230.108209 96.864998 228.379474 95.945364 121.684379 62.811347 45.177723 18.911395 44.001450 18.812145
5 2 6 0.000000 0.000000 354.159544 150.534188 0.000000 0.000000 20.000000 10.000000 1000.000000 1000.000000 1000.000000 1000.000000
5 2 7 98.702414 50.346088 167.674225 70.977117 167.674897 70.977490 128.772672 62.811103 30.403743 12.010165 30.404060 12.010344
5 2 8 0.000000 48.278046 842.193635 364.952391 820.562401 355.157037 20.000000 62.827540 1000.000000 39.634495 1000.000000 37.410389
5 2 9 0.000000 0.000000 0.000000 0.000000 0.000000 0.000000 20.000000 10.000000 1000.000000 1000.000000 1000.000000 1000.000000
6 1 1 88.776016 37.623198 98.558057 1.336354 0.000000 0.000000 116.958638 51.981670 18.511237 15.703554 1000.000000 1000.000000
6 1 2 0.000000 0.000000 0.000000 0.000000 0.000000 0.000000 20.000000 10.000000 1000.000000 1000.000000 1000.000000 1000.000000
6 1 3 0.000000 0.000000 0.000000 0.000000 0.000000 0.000000 20.000000 10.000000 1000.000000 1000.000000 1000.000000 1000.000000
6 1 4 96.663416 36.762031 97.399148 44.452752 0.000000 0.000000 125.228389 51.981672 14.288624 5.429967 1000.000000 1000.000000
6 1 5 98.502727 42.444354 157.964252 67.509054 157.853694 67.446619 128.772572 57.035356 34.915322 11.995133 35.401891 12.829494
6 1 6 0.000000 0.000000 0.000000 0.000000 0.000000 0.000000 20.000000 10.000000 1000.000000 1000.000000 1000.000000 1000.000000
6 1 7 0.000000 0.000000 0.000000 0.000000 0.000000 0.000000 20.000000 10.000000 1000.000000 1000.000000 1000.000000 1000.000000
6 1 8 94.437931 44.135022 112.924311 50.936776 112.927295 50.855801 122.865558 57.035352 21.787833 7.785292 21.784409 7.721375
6 1 9 0.000000 0.000000 0.000000 0.000000 0.000000 0.000000 20.000000 10.000000 1000.000000 1000.000000 1000.000000 1000.000000
6 1 10 0.000000 0.000000 0.000000 0.000000 0.000000 0.000000 20.000000 10.000000 1000.000000 1000.000000 1000.000000 1000.000000
6 1 11 0.000000 0.000000 0.000000 0.000000 0.000000 0.000000 20.000000 10.000000 1000.000000 1000.000000 1000.000000 1000.000000
6 1 12 97.798161 43.329737 301.317829 131.346154 0.000000 0.000000 127.592703 57.035570 547.606242 236.828840 1000.000000 1000.000000
6 1 13 0.000000 0.000000 0.000000 0.000000 0.000000 0.000000 20.000000 10.000000 1000.000000 1000.000000 1000.000000 1000.000000
6 1 14 0.000000 0.000000 0.000000 0.000000 0.000000 0.000000 20.000000 10.000000 1000.000000 1000.000000 1000.000000 1000.000000
6 1 15 0.000000 0.000000 0.000000 0.000000 0.000000 0.000000 20.000000 10.000000 1000.000000 1000.000000 1000.000000 1000.000000
6 1 16 0.000000 0.000000 0.000000 0.000000 0.000000 0.000000 20.000000 10.000000 1000.000000 1000.000000 1000.000000 1000.000000
6 1 17 0.000000 0.000000 0.000000 74.849275 0.000000 0.000000 20.000000 10.000000 1000.000000 1000.000000 1000.000000 1000.000000
6 1 18 0.000000 0.000000 173.958333 0.000107 0.000000 0.000000 20.000000 10.000000 1000.000000 1000.000000 1000.000000 1000.000000
6 1 19 0.000000 0.000000 0.000000 0.000000 0.000000 0.000000 20.000000 10.000000 1000.000000 1000.000000 1000.000000 1000.000000
6 1 20 0.000000 0.000000 192.187500 0.000172 0.000000 0.000000 20.000000 10.000000 1000.000000 1000.000000 1000.000000 1000.000000
6 2 1 0.000000 0.000000 257.619048 111.464286 0.000000 0.000000 20.000000 10.000000 1000.000000 1000.000000 1000.000000 1000.000000
6 2 2 0.000000 0.000000 0.000000 0.000000 0.000000 0.000000 20.000000 10.000000 1000.000000 1000.000000 1000.000000 1000.000000
6 2 3 0.000000 0.000000 0.000000 0.000000 0.000000 0.000000 20.000000 10.000000 1000.000000 1000.000000 1000.000000 1000.000000
6 2 4 92.801655 37.935882 94.867629 44.375465 0.000000 0.000000 120.502873 51.981729 18.015911 7.826817 1000.000000 1000.000000
6 2 5 97.761093 37.018834 108.062671 43.931298 108.100966 43.933503 127.591163 51.981587 13.091162 3.825077 13.130740 3.840888
6 2 6 0.000000 0.000000 0.000000 0.000000 0.000000 0.000000 20.000000 10.000000 1000.000000 1000.000000 1000.000000 1000.000000
6 2 7 0.000000 0.000000 0.000000 0.000000 0.000000 0.000000 20.000000 10.000000 1000.000000 1000.000000 1000.000000 1000.000000
6 2 8 97.803131 51.679430 151.045114 64.793625 151.477505 65.159519 127.591161 62.811086 31.582094 11.634780 31.814462 12.088962
6 2 9 94.767656 36.958017 110.975088 46.895677 0.000000 0.000000 122.865559 51.981586 15.718435 5.295830 1000.000000 1000.000000
6 2 10 0.000000 0.000000 428.568507 0.000149 0.000000 0.000000 20.000000 10.000000 1000.000000 1000.000000 1000.000000 1000.000000
6 2 11 99.035360 44.123757 264.212454 0.001897 0.000000 0.000000 128.772861 57.035501 396.627060 964.589946 1000.000000 1000.000000
6 2 12 100.940793 48.112427 129.977735 54.775131 0.000000 0.000000 128.773009 85.686366 14.319725 4.785639 1000.000000 1000.000000
6 2 13 93.388964 40.073457 96.703273 8.253146 0.000000 0.000000 122.865617 51.981588 8.617556 10.889662 1000.000000 1000.000000
6 2 14 0.000000 0.000000 0.000000 0.000000 0.000000 0.000000 20.000000 10.000000 1000.000000 1000.000000 1000.000000 1000.000000
6 2 15 0.000000 0.000000 0.000000 0.000000 0.000000 0.000000 20.000000 10.000000 1000.000000 1000.000000 1000.000000 1000.000000
6 2 16 0.000000 0.000000 0.000000 0.000000 0.000000 0.000000 20.000000 10.000000 1000.000000 1000.000000 1000.000000 1000.000000
6 2 17 0.000000 0.000000 0.000000 0.000000 0.000000 0.000000 20.000000 10.000000 1000.000000 1000.000000 1000.000000 1000.000000
6 2 18 0.000000 0.000000 0.000000 0.000000 0.000000 0.000000 20.000000 10.000000 1000.000000 1000.000000 1000.000000 1000.000000
6 2 19 0.000000 0.000000 0.000000 0.000000 0.000000 0.000000 20.000000 10.000000 1000.000000 1000.000000 1000.000000 1000.000000
6 2 20 97.968431 36.454024 106.247069 43.879752 0.000000 0.000000 127.591181 51.981589 11.775863 2.851360 1000.000000 1000.000000
7 1 1 88.476375 37.265883 106.332853 45.910200 0.000000 0.000000 115.777162 51.981586 18.150708 5.309224 1000.000000 1000.000000
7 1 2 85.346861 43.833608 598.007104 272.467991 592.160717 267.827169 111.055478 57.053472 86.969280 40.439821 92.104280 133.633359
7 1 3 88.605045 37.876282 89.397029 47.638728 0.000000 0.000000 115.777226 51.981761 15.387359 32.394520 1000.000000 1000.000000
7 1 4 91.710488 40.497871 433.910955 193.772302 433.768555 194.205318 119.325004 52.724465 72.431187 32.612202 71.616363 32.211076
7 1 5 85.704163 39.995885 2661.606380 1152.579688 2636.915910 1142.024956 115.788703 52.046978 177.061223 79.257933 173.703007 77.818709
7 1 6 98.568749 37.116360 126.999144 56.170566 126.591458 56.494650 128.772561 51.981583 24.731994 8.634707 24.116781 9.118734
7 1 7 88.060873 42.164507 573.114376 259.185076 568.189823 256.975509 114.771081 54.889561 94.653747 43.442828 93.613728 42.949048
7 1 8 97.279832 51.328633 187.789183 81.615248 185.824558 80.967591 127.591177 62.811097 43.765138 16.938737 42.688845 16.691046
7 1 9 0.000000 0.000000 0.000000 0.000000 0.000000 0.000000 20.000000 10.000000 1000.000000 1000.000000 1000.000000 1000.000000
7 2 1 0.000000 0.000000 0.000000 0.000000 0.000000 0.000000 20.000000 10.000000 1000.000000 1000.000000 1000.000000 1000.000000
7 2 2 86.193294 38.894001 164.583333 74.899554 90.531302 36.366164 113.414798 51.981844 225.207191 102.076056 10.702532 6.359795
7 2 3 0.000000 0.000000 0.000000 0.000000 0.000000 0.000000 20.000000 10.000000 1000.000000 1000.000000 1000.000000 1000.000000
7 2 4 90.821232 37.186220 95.035494 5.716087 94.543144 0.000000 119.321423 51.981626 11.886600 15.914677 10.447396 33.702419
7 2 5 88.983219 39.386762 482.986557 203.953483 473.716650 200.021056 115.780917 51.281120 66.439097 28.830603 64.546401 28.040540
7 2 6 88.609802 39.275509 93.354061 41.777322 93.518010 41.786662 115.777173 51.981592 10.580344 3.628800 10.683646 3.667388
7 2 7 95.346847 41.055834 808.078244 363.482820 791.848079 356.172845 124.050464 53.444862 80.022711 37.181406 76.751071 35.689380
7 2 8 88.983219 1.190629 1719.454557 817.639567 1696.062721 806.528051 115.780917 1.182624 145.137683 62.157233 141.699590 60.428075
7 2 9 89.087301 38.264664 98.347848 41.738496 0.000000 0.000000 116.958632 51.981751 8.402621 3.322439 1000.000000 1000.000000
8 1 1 89.920756 41.053398 2403.556634 1098.462731 2410.698523 1103.997931 119.363548 53.446170 157.178383 74.227539 159.210858 74.612362
8 1 2 89.892309 41.053426 2529.488530 1100.947190 2529.643412 1101.000038 116.962279 53.446149 146.804637 66.568647 146.731715 66.559515
8 1 3 97.936825 47.283656 206.855217 88.531675 206.859150 88.533539 128.772613 62.811190 45.378284 18.433187 45.382021 18.435583
8 1 4 93.361737 37.494020 98.351895 14.216685 266.719374 43.951623 121.684169 51.981609 10.776944 8.714617 186.671020 4.908896
8 1 5 91.710488 37.164517 3238.304727 1403.718403 3192.516416 1386.351772 119.325004 48.394556 162.996409 70.466827 153.992961 69.795836
8 1 6 89.892462 47.916185 311.242401 135.241190 309.498065 134.316381 116.960415 62.811487 63.105541 27.535404 62.938428 27.512433
8 1 7 93.718559 44.047947 100.575951 46.931694 100.348110 44.380140 121.684170 57.035367 13.972751 6.123490 13.049427 3.631117
8 1 8 94.781170 44.383392 109.498674 47.955204 109.485351 47.942546 167.500229 57.035352 21.043724 6.876762 20.794068 6.799502
8 1 9 90.618787 50.155025 266.193710 116.618373 261.405212 115.163516 118.140403 62.812794 57.496090 26.320124 57.309674 25.788981
8 1 10 84.872038 40.232952 95.519959 43.131790 96.216458 43.051740 111.051567 51.981585 12.747903 4.501331 13.610806 4.443926
8 1 11 92.171400 34.676383 141.239086 58.546374 141.239260 58.755133 120.502760 51.981590 29.255669 10.060032 29.255302 10.315091
8 1 12 92.355006 44.613783 103.305137 46.891111 103.128737 46.894268 120.502763 57.035354 15.717176 5.986528 15.117384 5.934683
8 1 13 0.000000 0.000000 202.323232 0.000022 0.000000 0.000000 20.000000 10.000000 1000.000000 1000.000000 1000.000000 1000.000000
8 1 14 0.000000 0.000000 0.000000 0.000000 0.000000 0.000000 20.000000 10.000000 1000.000000 1000.000000 1000.000000 1000.000000
8 1 15 0.000000 0.000000 0.000000 0.000000 0.000000 0.000000 20.000000 10.000000 1000.000000 1000.000000 1000.000000 1000.000000
8 1 16 0.000000 0.000000 0.000000 0.000000 0.000000 0.000000 20.000000 10.000000 1000.000000 1000.000000 1000.000000 1000.000000
8 1 17 0.000000 0.000000 0.000000 0.000000 0.000000 0.000000 20.000000 10.000000 1000.000000 1000.000000 1000.000000 1000.000000
8 1 18 0.000000 0.000000 0.000000 0.000000 0.000000 0.000000 20.000000 10.000000 1000.000000 1000.000000 1000.000000 1000.000000
8 1 19 0.000000 0.000000 188.333333 81.924084 0.000000 0.000000 20.000000 10.000000 1000.000000 1000.000000 1000.000000 1000.000000
8 1 20 0.000000 0.000000 0.000000 0.000000 0.000000 0.000000 20.000000 10.000000 1000.000000 1000.000000 1000.000000 1000.000000
8 2 1 87.938816 37.498960 71.684898 0.000000 221.684801 0.287245 115.777249 51.981689 31.686004 600.464235 25.199045 9.505539
8 2 2 98.630854 50.429795 177.474524 75.104525 177.475946 75.105175 128.772559 62.811104 33.963653 13.547320 33.964211 13.547575
8 2 3 98.850943 49.693857 212.972110 91.093900 212.963657 91.093578 128.772829 62.811226 43.259548 17.114297 43.266653 17.119407
8 2 4 96.030176 37.271568 102.022018 43.140293 101.472137 42.854998 125.228364 51.981591 11.363691 3.400223 11.095910 3.317139
8 2 5 0.000000 49.389156 1050.460563 451.978468 1026.195348 441.478944 20.000000 64.271104 1000.000000 38.452198 1000.000000 36.338269
8 2 6 91.710488 39.324716 1534.281314 665.353277 1503.832433 652.107073 119.325004 54.899342 111.958824 50.375683 105.667598 47.683414
8 2 7 92.195842 52.733437 134.458387 58.959957 133.927857 59.125155 120.502760 62.811090 25.920464 9.600818 27.568456 10.382953
8 2 8 96.183851 52.189440 123.737890 53.302679 123.769419 53.470370 125.228358 62.811081 20.054957 7.276958 19.976914 7.255885
8 2 9 0.000000 41.611389 1938.920448 847.572818 1892.347037 827.106649 20.000000 54.166571 1000.000000 54.930027 1000.000000 49.572375
8 2 10 0.000000 48.833601 360.781873 157.534766 355.151104 155.255401 20.000000 63.549320 1000.000000 27.174513 1000.000000 26.582020
8 2 11 98.983207 40.500279 1370.530089 588.447390 1370.791721 588.593486 128.775933 52.723160 107.065615 47.753383 107.259163 47.775407
8 2 12 92.115816 36.414493 130.134076 55.901427 130.852157 56.496081 120.502760 51.981586 23.081033 8.295540 23.098045 8.534118
8 2 13 94.259518 49.847355 213.728549 90.817605 0.000000 0.000000 122.865714 62.811229 42.030001 16.927344 1000.000000 1000.000000
8 2 14 98.560734 39.598810 99.528621 43.388755 0.000000 0.000000 128.772863 51.981587 8.609874 3.000737 1000.000000 1000.000000
8 2 15 0.000000 0.000000 0.000000 0.000000 0.000000 0.000000 20.000000 10.000000 1000.000000 1000.000000 1000.000000 1000.000000
8 2 16 0.000000 0.000000 102.137580 42.824689 0.000000 0.000000 20.000000 10.000000 1000.000000 1000.000000 1000.000000 1000.000000
8 2 17 92.922048 37.820194 99.666527 42.771432 0.000000 0.000000 121.684170 51.981609 12.687454 3.956058 1000.000000 1000.000000
8 2 18 0.000000 0.000000 223.068783 95.198413 0.000000 0.000000 20.000000 10.000000 1000.000000 1000.000000 1000.000000 1000.000000
8 2 19 0.000000 0.000000 0.000000 0.000000 0.000000 0.000000 20.000000 10.000000 1000.000000 1000.000000 1000.000000 1000.000000
8 2 20 93.428322 36.877217 102.661088 43.608904 0.000000 0.000000 122.865565 51.981596 13.712786 3.442608 1000.000000 1000.000000
