1 1 1 97.771 1.200
1 1 2 306.068 1.200
1 1 3 98.374 1.200
1 1 4 827.738 1.200
1 1 5 1576.321 1.200
1 1 6 103.197 1.200
1 1 7 316.033 1.200
1 1 8 193.507 1.200
1 1 9 0.000 1.200
1 2 1 130.992 2.650
1 2 2 109.238 2.650
1 2 3 93.208 2.650
1 2 4 533.154 2.650
1 2 5 521.461 2.650
1 2 6 0.000 2.650
1 2 7 439.375 2.650
1 2 8 255.564 2.650
1 2 9 93.663 2.650
2 1 1 1514.179 1.200
2 1 2 1533.701 1.200
2 1 3 97.610 1.200
2 1 4 117.884 1.200
2 1 5 3314.597 1.200
2 1 6 2623.316 1.200
2 1 7 105.129 1.200
2 1 8 518.347 1.200
2 1 9 183.761 1.200
2 1 10 2405.418 1.200
2 1 11 248.582 1.200
2 1 12 133.797 1.200
2 1 13 101.613 1.200
2 1 14 180.648 1.200
2 1 15 120.950 1.200
2 1 16 0.000 1.200
2 1 17 0.000 1.200
2 1 18 0.000 1.200
2 1 19 0.000 1.200
2 1 20 106.745 1.200
2 2 1 649.329 2.650
2 2 2 1022.063 2.650
2 2 3 108.147 2.650
2 2 4 280.903 2.650
2 2 5 2219.516 2.650
2 2 6 1987.793 2.650
2 2 7 983.703 2.650
2 2 8 2161.670 2.650
2 2 9 384.679 2.650
2 2 10 405.003 2.650
2 2 11 444.145 2.650
2 2 12 442.662 2.650
2 2 13 98.058 2.650
2 2 14 0.000 2.650
2 2 15 96.669 2.650
2 2 16 0.000 2.650
2 2 17 103.829 2.650
2 2 18 0.000 2.650
2 2 19 0.000 2.650
2 2 20 100.687 2.650
3 1 1 641.719 1.200
3 1 2 614.808 1.200
3 1 3 274.512 1.200
3 1 4 2468.653 1.200
3 1 5 3642.542 1.200
3 1 6 216.278 1.200
3 1 7 3025.090 1.200
3 1 8 119.941 1.200
3 1 9 0.000 1.200
3 2 1 102.559 2.650
3 2 2 324.600 2.650
3 2 3 102.218 2.650
3 2 4 1113.278 2.650
3 2 5 937.894 2.650
3 2 6 210.377 2.650
3 2 7 1460.612 2.650
3 2 8 265.923 2.650
3 2 9 103.060 2.650
4 1 1 1599.132 1.200
4 1 2 191.146 1.200
4 1 3 577.360 1.200
4 1 4 2177.239 1.200
4 1 5 1700.681 1.200
4 1 6 347.093 1.200
4 1 7 109.122 1.200
4 1 8 521.915 1.200
4 1 9 294.217 1.200
4 1 10 102.409 1.200
4 1 11 85.165 1.200
4 1 12 102.313 1.200
4 1 13 102.385 1.200
4 1 14 0.000 1.200
4 1 15 0.000 1.200
4 1 16 97.885 1.200
4 1 17 0.000 1.200
4 1 18 0.000 1.200
4 1 19 0.008 1.200
4 1 20 0.000 1.200
4 2 1 98.692 2.650
4 2 2 211.533 2.650
4 2 3 134.979 2.650
4 2 4 457.190 2.650
4 2 5 325.769 2.650
4 2 6 134.812 2.650
4 2 7 802.984 2.650
4 2 8 792.868 2.650
4 2 9 259.042 2.650
4 2 10 383.813 2.650
4 2 11 153.114 2.650
4 2 12 772.192 2.650
4 2 13 99.404 2.650
4 2 14 0.000 2.650
4 2 15 225.452 2.650
4 2 16 166.527 2.650
4 2 17 0.000 2.650
4 2 18 0.000 2.650
4 2 19 100.621 2.650
4 2 20 106.445 2.650
5 1 1 171.539 1.200
5 1 2 421.712 1.200
5 1 3 428.979 1.200
5 1 4 1844.566 1.200
5 1 5 374.228 1.200
5 1 6 2352.641 1.200
5 1 7 1614.301 1.200
5 1 8 108.014 1.200
5 1 9 0.000 1.200
5 2 1 0.000 2.650
5 2 2 38.064 2.650
5 2 3 0.000 2.650
5 2 4 0.000 2.650
5 2 5 230.108 2.650
5 2 6 354.160 2.650
5 2 7 167.674 2.650
5 2 8 842.194 2.650
5 2 9 0.000 2.650
6 1 1 98.558 1.200
6 1 2 0.000 1.200
6 1 3 0.000 1.200
6 1 4 97.399 1.200
6 1 5 157.964 1.200
6 1 6 0.000 1.200
6 1 7 0.000 1.200
6 1 8 112.924 1.200
6 1 9 0.000 1.200
6 1 10 0.000 1.200
6 1 11 0.000 1.200
6 1 12 301.318 1.200
6 1 13 0.000 1.200
6 1 14 0.000 1.200
6 1 15 0.000 1.200
6 1 16 0.000 1.200
6 1 17 0.000 1.200
6 1 18 173.958 1.200
6 1 19 0.000 1.200
6 1 20 192.187 1.200
6 2 1 257.619 2.650
6 2 2 0.000 2.650
6 2 3 0.000 2.650
6 2 4 94.868 2.650
6 2 5 108.063 2.650
6 2 6 0.000 2.650
6 2 7 0.000 2.650
6 2 8 151.045 2.650
6 2 9 110.975 2.650
6 2 10 428.569 2.650
6 2 11 264.212 2.650
6 2 12 129.978 2.650
6 2 13 96.703 2.650
6 2 14 0.000 2.650
6 2 15 0.000 2.650
6 2 16 0.000 2.650
6 2 17 0.000 2.650
6 2 18 0.000 2.650
6 2 19 0.000 2.650
6 2 20 106.247 2.650
7 1 1 106.333 1.200
7 1 2 598.007 1.200
7 1 3 89.397 1.200
7 1 4 433.911 1.200
7 1 5 2661.606 1.200
7 1 6 126.999 1.200
7 1 7 573.114 1.200
7 1 8 187.789 1.200
7 1 9 0.000 1.200
7 2 1 0.000 2.650
7 2 2 164.583 2.650
7 2 3 0.000 2.650
7 2 4 95.035 2.650
7 2 5 482.987 2.650
7 2 6 93.354 2.650
7 2 7 808.078 2.650
7 2 8 1719.455 2.650
7 2 9 98.348 2.650
8 1 1 2403.557 1.200
8 1 2 2529.489 1.200
8 1 3 206.855 1.200
8 1 4 98.352 1.200
8 1 5 3238.305 1.200
8 1 6 311.242 1.200
8 1 7 100.576 1.200
8 1 8 109.499 1.200
8 1 9 266.194 1.200
8 1 10 95.520 1.200
8 1 11 141.239 1.200
8 1 12 103.305 1.200
8 1 13 202.323 1.200
8 1 14 0.000 1.200
8 1 15 0.000 1.200
8 1 16 0.000 1.200
8 1 17 0.000 1.200
8 1 18 0.000 1.200
8 1 19 188.333 1.200
8 1 20 0.000 1.200
8 2 1 71.685 2.650
8 2 2 177.475 2.650
8 2 3 212.972 2.650
8 2 4 102.022 2.650
8 2 5 1050.461 2.650
8 2 6 1534.281 2.650
8 2 7 134.458 2.650
8 2 8 123.738 2.650
8 2 9 1938.920 2.650
8 2 10 360.782 2.650
8 2 11 1370.530 2.650
8 2 12 130.134 2.650
8 2 13 213.729 2.650
8 2 14 99.529 2.650
8 2 15 0.000 2.650
8 2 16 102.138 2.650
8 2 17 99.667 2.650
8 2 18 223.069 2.650
8 2 19 0.000 2.650
8 2 20 102.661 2.650
