1 1 1 89.375 1.000 91.799 43.234 2.500
1 1 2 101.750 0.383 88.013 41.757 2.500
1 1 3 221.756 0.514 88.033 37.691 2.500
1 1 4 138.212 0.815 92.620 39.387 2.500
1 1 5 149.329 0.529 84.438 38.618 2.500
1 1 6 216.847 0.757 93.386 45.385 2.500
1 1 7 197.452 0.833 91.183 47.859 2.500
1 1 8 171.983 0.776 98.675 50.719 2.500
1 1 9 200.000 10.000 0.000 0.000 2.500
1 2 1 203.176 0.561 0.000 0.000 2.500
1 2 2 205.827 0.687 98.620 43.346 2.500
1 2 3 237.147 0.744 0.000 0.000 2.500
1 2 4 212.409 0.488 89.484 39.321 2.500
1 2 5 186.089 0.443 0.000 48.278 2.500
1 2 6 200.000 10.000 0.000 0.000 2.500
1 2 7 207.859 0.684 0.000 46.611 2.500
1 2 8 206.674 0.701 98.990 47.472 2.500
1 2 9 212.403 0.482 88.180 37.766 2.500
2 1 1 164.739 0.517 0.000 47.722 2.500
2 1 2 194.971 0.482 98.983 46.611 2.500
2 1 3 207.708 0.745 93.844 37.616 2.500
2 1 4 195.519 0.668 99.832 43.530 2.500
2 1 5 207.526 0.794 0.000 0.000 2.500
2 1 6 186.547 0.656 0.000 37.041 2.500
2 1 7 176.961 0.486 98.387 43.564 2.500
2 1 8 222.519 0.610 92.620 43.831 2.500
2 1 9 210.426 0.923 90.491 43.291 2.500
2 1 10 210.555 0.860 0.000 0.000 2.500
2 1 11 214.486 0.777 93.799 49.670 2.500
2 1 12 199.562 0.934 91.372 53.406 2.500
2 1 13 199.209 0.808 94.078 37.159 2.500
2 1 14 183.866 0.869 0.000 0.000 2.500
2 1 15 212.617 0.482 94.243 43.755 2.500
2 1 16 200.000 10.000 0.000 0.000 2.500
2 1 17 200.000 10.000 0.000 0.000 2.500
2 1 18 200.000 10.000 0.000 0.000 2.500
2 1 19 200.000 10.000 0.000 0.000 2.500
2 1 20 224.000 0.858 93.276 37.876 2.500
2 2 1 196.076 0.600 0.000 47.167 2.500
2 2 2 221.399 0.529 90.910 40.752 2.500
2 2 3 212.196 0.534 99.229 37.112 2.500
2 2 4 185.922 0.407 96.256 47.875 2.500
2 2 5 178.203 0.739 97.165 45.000 2.500
2 2 6 219.729 0.767 95.347 43.276 2.500
2 2 7 198.065 0.679 0.000 0.000 2.500
2 2 8 194.794 0.429 0.000 0.000 2.500
2 2 9 208.902 0.776 0.000 0.000 2.500
2 2 10 230.827 0.455 1.676 1.972 2.500
2 2 11 204.126 0.456 0.000 49.389 2.500
2 2 12 221.848 0.470 0.000 0.000 2.500
2 2 13 210.754 0.734 91.338 38.522 2.500
2 2 14 200.000 10.000 0.000 0.000 2.500
2 2 15 216.070 0.889 90.236 37.733 2.500
2 2 16 200.000 10.000 0.000 0.000 2.500
2 2 17 202.336 0.840 88.657 37.273 2.500
2 2 18 200.000 10.000 0.000 0.000 2.500
2 2 19 200.000 10.000 0.000 0.000 2.500
2 2 20 206.426 0.714 88.192 39.210 2.500
3 1 1 204.140 0.465 83.529 39.945 2.500
3 1 2 193.654 0.761 0.000 0.000 2.500
3 1 3 178.257 0.799 90.295 49.185 2.500
3 1 4 178.285 0.784 0.000 46.611 2.500
3 1 5 194.289 0.519 94.438 43.276 2.500
3 1 6 211.030 0.836 96.316 50.567 2.500
3 1 7 208.224 0.739 88.074 39.387 2.500
3 1 8 209.254 0.887 96.317 37.366 2.500
3 1 9 200.000 10.000 0.000 0.000 2.500
3 2 1 212.701 0.449 103.048 44.512 2.500
3 2 2 239.483 0.489 0.000 0.000 2.500
3 2 3 182.213 0.796 92.668 37.406 2.500
3 2 4 152.408 0.704 93.529 39.945 2.500
3 2 5 202.515 0.792 91.710 41.609 2.500
3 2 6 207.491 0.676 100.764 48.750 2.500
3 2 7 201.568 0.718 0.000 43.276 2.500
3 2 8 240.619 0.766 98.635 49.031 2.500
3 2 9 179.965 0.699 91.494 36.459 2.500
4 1 1 220.513 0.798 0.000 43.834 2.500
4 1 2 193.988 0.691 93.729 51.709 2.500
4 1 3 238.367 0.808 91.710 37.720 2.500
4 1 4 180.739 0.755 84.438 39.942 2.500
4 1 5 187.411 0.719 88.074 37.165 2.500
4 1 6 194.100 0.612 95.815 46.121 2.500
4 1 7 193.781 0.713 94.578 44.025 2.500
4 1 8 199.440 0.759 0.000 40.279 2.500
4 1 9 203.893 0.449 89.869 49.014 2.500
4 1 10 200.060 0.746 91.761 38.221 2.500
4 1 11 209.783 0.880 85.014 39.900 2.500
4 1 12 185.154 0.614 89.665 37.201 2.500
4 1 13 229.099 0.964 96.845 43.643 2.500
4 1 14 200.000 10.000 0.000 0.000 2.500
4 1 15 200.000 10.000 0.000 0.000 2.500
4 1 16 203.366 0.542 92.309 45.992 2.500
4 1 17 200.000 10.000 0.000 0.000 2.500
4 1 18 200.000 10.000 0.000 0.000 2.500
4 1 19 210.861 0.995 88.162 41.944 2.500
4 1 20 200.000 10.000 0.000 0.000 2.500
4 2 1 191.537 0.743 89.913 35.250 2.500
4 2 2 243.561 0.733 94.639 49.676 2.500
4 2 3 203.755 0.427 99.582 52.129 2.500
4 2 4 200.514 0.664 94.269 40.000 2.500
4 2 5 198.722 0.663 86.256 51.481 2.500
4 2 6 178.932 0.715 96.109 52.331 2.500
4 2 7 188.886 0.754 88.983 41.609 2.500
4 2 8 206.353 0.685 88.983 38.831 2.500
4 2 9 179.035 0.683 96.138 46.459 2.500
4 2 10 239.838 0.430 87.165 37.720 2.500
4 2 11 181.991 0.741 97.659 50.981 2.500
4 2 12 179.832 0.715 98.983 40.088 2.500
4 2 13 203.922 0.869 93.176 37.536 2.500
4 2 14 200.000 10.000 0.000 0.000 2.500
4 2 15 205.472 0.841 0.000 0.000 2.500
4 2 16 201.812 0.776 90.319 50.660 2.500
4 2 17 200.000 10.000 0.000 0.000 2.500
4 2 18 200.000 10.000 0.000 0.000 2.500
4 2 19 187.252 0.759 93.075 37.999 2.500
4 2 20 231.818 0.792 98.796 36.634 2.500
5 1 1 222.979 0.708 98.837 50.710 2.500
5 1 2 198.795 0.965 0.000 43.834 2.500
5 1 3 206.789 0.792 0.000 0.000 2.500
5 1 4 173.151 0.787 0.000 46.611 2.500
5 1 5 196.832 0.962 94.438 44.387 2.500
5 1 6 200.738 0.783 88.074 40.498 2.500
5 1 7 194.658 0.497 95.347 43.880 2.500
5 1 8 207.610 0.814 95.705 43.910 2.500
5 1 9 200.000 10.000 0.000 0.000 2.500
5 2 1 200.000 10.000 0.000 0.000 2.500
5 2 2 168.994 0.732 87.376 39.190 2.500
5 2 3 213.534 0.793 0.000 0.000 2.500
5 2 4 200.000 10.000 0.000 0.000 2.500
5 2 5 152.300 0.539 91.710 49.222 2.500
5 2 6 164.390 1.075 0.000 0.000 2.500
5 2 7 175.014 0.877 98.702 50.346 2.500
5 2 8 206.298 0.695 0.000 48.278 2.500
5 2 9 200.000 10.000 0.000 0.000 2.500
6 1 1 208.893 0.825 88.776 37.623 2.500
6 1 2 200.000 10.000 0.000 0.000 2.500
6 1 3 200.000 10.000 0.000 0.000 2.500
6 1 4 199.023 0.747 96.663 36.762 2.500
6 1 5 214.119 0.772 98.503 42.444 2.500
6 1 6 200.000 10.000 0.000 0.000 2.500
6 1 7 200.000 10.000 0.000 0.000 2.500
6 1 8 274.475 0.848 94.438 44.135 2.500
6 1 9 200.000 10.000 0.000 0.000 2.500
6 1 10 200.000 10.000 0.000 0.000 2.500
6 1 11 200.000 10.000 0.000 0.000 2.500
6 1 12 212.241 0.562 97.798 43.330 2.500
6 1 13 200.000 10.000 0.000 0.000 2.500
6 1 14 200.000 10.000 0.000 0.000 2.500
6 1 15 200.000 10.000 0.000 0.000 2.500
6 1 16 200.000 10.000 0.000 0.000 2.500
6 1 17 230.688 0.590 0.000 0.000 2.500
6 1 18 210.138 0.952 0.000 0.000 2.500
6 1 19 200.000 10.000 0.000 0.000 2.500
6 1 20 194.535 0.559 0.000 0.000 2.500
6 2 1 180.376 0.867 0.000 0.000 2.500
6 2 2 200.000 10.000 0.000 0.000 2.500
6 2 3 200.000 10.000 0.000 0.000 2.500
6 2 4 225.058 0.810 92.802 37.936 2.500
6 2 5 203.297 0.505 97.761 37.019 2.500
6 2 6 200.000 10.000 0.000 0.000 2.500
6 2 7 200.000 10.000 0.000 0.000 2.500
6 2 8 192.113 0.723 97.803 51.679 2.500
6 2 9 197.285 0.760 94.768 36.958 2.500
6 2 10 184.620 0.799 0.000 0.000 2.500
6 2 11 220.323 0.788 99.035 44.124 2.500
6 2 12 160.815 0.584 100.941 48.112 2.500
6 2 13 211.134 0.710 93.389 40.073 2.500
6 2 14 200.000 10.000 0.000 0.000 2.500
6 2 15 200.000 10.000 0.000 0.000 2.500
6 2 16 200.000 10.000 0.000 0.000 2.500
6 2 17 200.000 10.000 0.000 0.000 2.500
6 2 18 200.000 10.000 0.000 0.000 2.500
6 2 19 200.000 10.000 0.000 0.000 2.500
6 2 20 177.629 0.720 97.968 36.454 2.500
7 1 1 185.441 0.497 88.476 37.266 2.500
7 1 2 224.342 0.824 85.347 43.834 2.500
7 1 3 200.731 0.813 88.605 37.876 2.500
7 1 4 208.701 0.836 91.710 40.498 2.500
7 1 5 190.234 1.034 85.704 39.996 2.500
7 1 6 187.115 0.786 98.569 37.116 2.500
7 1 7 188.188 0.911 88.061 42.165 2.500
7 1 8 203.089 0.663 97.280 51.329 2.500
7 1 9 200.000 10.000 0.000 0.000 2.500
7 2 1 200.000 10.000 0.000 0.000 2.500
7 2 2 217.284 0.783 86.193 38.894 2.500
7 2 3 200.000 10.000 0.000 0.000 2.500
7 2 4 223.565 0.715 90.821 37.186 2.500
7 2 5 222.790 0.671 88.983 39.387 2.500
7 2 6 210.895 0.710 88.610 39.276 2.500
7 2 7 196.469 0.836 95.347 41.056 2.500
7 2 8 206.118 0.743 88.983 1.191 2.500
7 2 9 198.390 0.737 89.087 38.265 2.500
8 1 1 194.344 0.569 89.921 41.053 2.500
8 1 2 211.094 0.813 89.892 41.053 2.500
8 1 3 239.840 0.306 97.937 47.284 2.500
8 1 4 169.463 0.821 93.362 37.494 2.500
8 1 5 181.597 0.805 91.710 37.165 2.500
8 1 6 173.438 0.964 89.892 47.916 2.500
8 1 7 366.997 0.860 93.719 44.048 2.500
8 1 8 191.881 0.818 94.781 44.383 2.500
8 1 9 203.565 0.481 90.619 50.155 2.500
8 1 10 202.978 0.723 84.872 40.233 2.500
8 1 11 201.947 0.856 92.171 34.676 2.500
8 1 12 206.745 0.908 92.355 44.614 2.500
8 1 13 196.621 0.760 0.000 0.000 2.500
8 1 14 200.000 10.000 0.000 0.000 2.500
8 1 15 200.000 10.000 0.000 0.000 2.500
8 1 16 200.000 10.000 0.000 0.000 2.500
8 1 17 200.000 10.000 0.000 0.000 2.500
8 1 18 200.000 10.000 0.000 0.000 2.500
8 1 19 193.255 1.044 0.000 0.000 2.500
8 1 20 200.000 10.000 0.000 0.000 2.500
8 2 1 224.540 0.736 87.939 37.499 2.500
8 2 2 173.223 0.812 98.631 50.430 2.500
8 2 3 171.091 0.744 98.851 49.694 2.500
8 2 4 176.592 0.459 96.030 37.272 2.500
8 2 5 214.329 0.746 0.000 49.389 2.500
8 2 6 221.835 0.456 91.710 39.325 2.500
8 2 7 200.269 0.788 92.196 52.733 2.500
8 2 8 192.121 0.781 96.184 52.189 2.500
8 2 9 168.161 0.449 0.000 41.611 2.500
8 2 10 201.394 0.718 0.000 48.834 2.500
8 2 11 192.468 0.733 98.983 40.500 2.500
8 2 12 223.894 0.639 92.116 36.414 2.500
8 2 13 226.969 0.707 94.260 49.847 2.500
8 2 14 171.979 0.696 98.561 39.599 2.500
8 2 15 200.000 10.000 0.000 0.000 2.500
8 2 16 189.240 0.873 0.000 0.000 2.500
8 2 17 208.497 0.871 92.922 37.820 2.500
8 2 18 208.862 0.841 0.000 0.000 2.500
8 2 19 200.000 10.000 0.000 0.000 2.500
8 2 20 212.095 0.645 93.428 36.877 2.500
