#
# File generated automatically by FTHodo Calib at  04-05-2018_09.13.30_AM
#
FADC250_CRATE adcft3
FADC250_SLOT 3
FADC250_ALLCH_PED 164.739 149.329 191.881 169.463 211.094 239.840 208.893 500.000 180.376 197.285 173.223 171.091 192.121 176.592 196.076 186.089
FADC250_SLOT 4
FADC250_ALLCH_PED 198.795 274.475 366.997 173.438 202.978 216.847 194.971 207.526 192.113 168.994 221.835 200.269 500.000 201.394 178.203 221.399
FADC250_SLOT 5
FADC250_ALLCH_PED 208.701 188.188 224.342 194.344 101.750 210.426 221.756 89.375 196.469 223.565 224.540 217.284 205.827 203.176 237.147 208.902
FADC250_SLOT 6
FADC250_ALLCH_PED 190.234 200.731 185.441 181.597 138.212 203.565 197.452 186.547 219.729 212.409 214.329 207.859 168.161 222.790 500.000 500.000
FADC250_SLOT 7
FADC250_ALLCH_PED 500.000 230.688 210.138 203.089 206.745 212.617 500.000 210.555 216.070 500.000 230.827 223.894 206.118 500.000 500.000 220.323
FADC250_SLOT 8
FADC250_ALLCH_PED 196.621 500.000 171.983 500.000 500.000 201.947 183.866 199.209 212.403 212.095 206.674 210.754 500.000 198.390 226.969 192.468
FADC250_SLOT 9
FADC250_ALLCH_PED 500.000 500.000 500.000 194.535 500.000 500.000 500.000 500.000 208.497 189.240 500.000 500.000 171.979 500.000 177.629 500.000
FADC250_SLOT 10
FADC250_ALLCH_PED 193.255 500.000 500.000 500.000 203.366 500.000 210.861 500.000 208.862 500.000 205.472 500.000 500.000 201.812 187.252 500.000
FADC250_SLOT 13
FADC250_ALLCH_PED 500.000 500.000 500.000 500.000 500.000 209.254 229.099 500.000 240.619 203.922 179.965 184.620 500.000 500.000 211.134 500.000
FADC250_SLOT 14
FADC250_ALLCH_PED 500.000 500.000 203.893 500.000 500.000 200.060 224.000 500.000 500.000 202.336 179.035 206.426 500.000 239.838 231.818 500.000
FADC250_SLOT 15
FADC250_ALLCH_PED 214.486 194.289 185.154 500.000 500.000 207.610 222.979 206.789 204.126 202.515 179.832 500.000 500.000 206.298 500.000 213.534
FADC250_SLOT 16
FADC250_ALLCH_PED 176.961 199.562 211.030 178.285 199.440 200.738 196.832 194.658 221.848 198.065 152.408 207.491 164.390 206.353 175.014 152.300
FADC250_SLOT 17
FADC250_ALLCH_PED 207.708 222.519 193.654 178.257 204.140 180.739 194.100 173.151 212.196 182.213 212.701 239.483 178.932 200.514 500.000 203.297
FADC250_SLOT 18
FADC250_ALLCH_PED 214.119 199.023 193.988 187.115 193.781 187.411 208.224 209.783 225.058 210.895 188.886 243.561 198.722 181.991 194.794 201.568
FADC250_SLOT 19
FADC250_ALLCH_PED 500.000 195.519 500.000 220.513 238.367 500.000 212.241 500.000 500.000 185.922 500.000 191.537 203.755 500.000 160.815 500.000
FADC250_CRATE end
