1 1 1 0.000 1.200
1 1 2 306.167 1.200
1 1 3 0.000 1.200
1 1 4 810.824 1.200
1 1 5 1558.239 1.200
1 1 6 0.000 1.200
1 1 7 312.991 1.200
1 1 8 193.506 1.200
1 1 9 0.000 1.200
1 2 1 0.000 2.650
1 2 2 109.238 2.650
1 2 3 0.000 2.650
1 2 4 517.137 2.650
1 2 5 510.679 2.650
1 2 6 0.000 2.650
1 2 7 429.132 2.650
1 2 8 255.621 2.650
1 2 9 0.000 2.650
2 1 1 1494.934 1.200
2 1 2 1533.701 1.200
2 1 3 97.733 1.200
2 1 4 116.059 1.200
2 1 5 3288.603 1.200
2 1 6 2638.296 1.200
2 1 7 106.353 1.200
2 1 8 508.979 1.200
2 1 9 182.916 1.200
2 1 10 2388.368 1.200
2 1 11 246.848 1.200
2 1 12 133.249 1.200
2 1 13 0.000 1.200
2 1 14 0.000 1.200
2 1 15 121.922 1.200
2 1 16 0.000 1.200
2 1 17 0.000 1.200
2 1 18 0.000 1.200
2 1 19 0.000 1.200
2 1 20 105.809 1.200
2 2 1 633.756 2.650
2 2 2 1022.074 2.650
2 2 3 106.716 2.650
2 2 4 268.767 2.650
2 2 5 2160.226 2.650
2 2 6 1937.251 2.650
2 2 7 962.938 2.650
2 2 8 2098.241 2.650
2 2 9 377.414 2.650
2 2 10 398.762 2.650
2 2 11 430.030 2.650
2 2 12 433.471 2.650
2 2 13 0.000 2.650
2 2 14 0.000 2.650
2 2 15 95.877 2.650
2 2 16 0.000 2.650
2 2 17 0.000 2.650
2 2 18 0.000 2.650
2 2 19 0.000 2.650
2 2 20 101.209 2.650
3 1 1 644.650 1.200
3 1 2 0.000 1.200
3 1 3 274.812 1.200
3 1 4 2443.935 1.200
3 1 5 3579.764 1.200
3 1 6 216.281 1.200
3 1 7 2977.445 1.200
3 1 8 119.939 1.200
3 1 9 0.000 1.200
3 2 1 102.547 2.650
3 2 2 0.000 2.650
3 2 3 99.211 2.650
3 2 4 1093.524 2.650
3 2 5 911.354 2.650
3 2 6 210.383 2.650
3 2 7 1421.250 2.650
3 2 8 266.149 2.650
3 2 9 0.000 2.650
4 1 1 1555.686 1.200
4 1 2 191.148 1.200
4 1 3 560.219 1.200
4 1 4 2190.566 1.200
4 1 5 1667.999 1.200
4 1 6 347.191 1.200
4 1 7 108.428 1.200
4 1 8 515.483 1.200
4 1 9 294.223 1.200
4 1 10 103.223 1.200
4 1 11 97.286 1.200
4 1 12 103.294 1.200
4 1 13 0.000 1.200
4 1 14 0.000 1.200
4 1 15 0.000 1.200
4 1 16 97.069 1.200
4 1 17 0.000 1.200
4 1 18 0.000 1.200
4 1 19 0.000 1.200
4 1 20 0.000 1.200
4 2 1 99.407 2.650
4 2 2 211.559 2.650
4 2 3 130.604 2.650
4 2 4 99.420 2.650
4 2 5 316.536 2.650
4 2 6 134.812 2.650
4 2 7 775.027 2.650
4 2 8 775.571 2.650
4 2 9 259.041 2.650
4 2 10 374.346 2.650
4 2 11 150.639 2.650
4 2 12 751.024 2.650
4 2 13 0.000 2.650
4 2 14 0.000 2.650
4 2 15 0.000 2.650
4 2 16 164.854 2.650
4 2 17 0.000 2.650
4 2 18 0.000 2.650
4 2 19 0.000 2.650
4 2 20 0.000 2.650
5 1 1 0.000 1.200
5 1 2 416.762 1.200
5 1 3 0.000 1.200
5 1 4 0.000 1.200
5 1 5 370.560 1.200
5 1 6 0.000 1.200
5 1 7 1614.283 1.200
5 1 8 107.696 1.200
5 1 9 0.000 1.200
5 2 1 0.000 2.650
5 2 2 92.006 2.650
5 2 3 0.000 2.650
5 2 4 0.000 2.650
5 2 5 228.379 2.650
5 2 6 0.000 2.650
5 2 7 167.675 2.650
5 2 8 820.562 2.650
5 2 9 0.000 2.650
6 1 1 0.000 1.200
6 1 2 0.000 1.200
6 1 3 0.000 1.200
6 1 4 0.000 1.200
6 1 5 157.854 1.200
6 1 6 0.000 1.200
6 1 7 0.000 1.200
6 1 8 112.927 1.200
6 1 9 0.000 1.200
6 1 10 0.000 1.200
6 1 11 0.000 1.200
6 1 12 0.000 1.200
6 1 13 0.000 1.200
6 1 14 0.000 1.200
6 1 15 0.000 1.200
6 1 16 0.000 1.200
6 1 17 0.000 1.200
6 1 18 0.000 1.200
6 1 19 0.000 1.200
6 1 20 0.000 1.200
6 2 1 0.000 2.650
6 2 2 0.000 2.650
6 2 3 0.000 2.650
6 2 4 0.000 2.650
6 2 5 108.101 2.650
6 2 6 0.000 2.650
6 2 7 0.000 2.650
6 2 8 151.478 2.650
6 2 9 0.000 2.650
6 2 10 0.000 2.650
6 2 11 0.000 2.650
6 2 12 0.000 2.650
6 2 13 0.000 2.650
6 2 14 0.000 2.650
6 2 15 0.000 2.650
6 2 16 0.000 2.650
6 2 17 0.000 2.650
6 2 18 0.000 2.650
6 2 19 0.000 2.650
6 2 20 0.000 2.650
7 1 1 0.000 1.200
7 1 2 592.161 1.200
7 1 3 0.000 1.200
7 1 4 433.769 1.200
7 1 5 2636.916 1.200
7 1 6 126.591 1.200
7 1 7 568.190 1.200
7 1 8 185.825 1.200
7 1 9 0.000 1.200
7 2 1 0.000 2.650
7 2 2 90.531 2.650
7 2 3 0.000 2.650
7 2 4 94.543 2.650
7 2 5 473.717 2.650
7 2 6 93.518 2.650
7 2 7 791.848 2.650
7 2 8 1696.063 2.650
7 2 9 0.000 2.650
8 1 1 2410.699 1.200
8 1 2 2529.643 1.200
8 1 3 206.859 1.200
8 1 4 266.719 1.200
8 1 5 3192.516 1.200
8 1 6 309.498 1.200
8 1 7 100.348 1.200
8 1 8 109.485 1.200
8 1 9 261.405 1.200
8 1 10 96.216 1.200
8 1 11 141.239 1.200
8 1 12 103.129 1.200
8 1 13 0.000 1.200
8 1 14 0.000 1.200
8 1 15 0.000 1.200
8 1 16 0.000 1.200
8 1 17 0.000 1.200
8 1 18 0.000 1.200
8 1 19 0.000 1.200
8 1 20 0.000 1.200
8 2 1 221.685 2.650
8 2 2 177.476 2.650
8 2 3 212.964 2.650
8 2 4 101.472 2.650
8 2 5 1026.195 2.650
8 2 6 1503.832 2.650
8 2 7 133.928 2.650
8 2 8 123.769 2.650
8 2 9 1892.347 2.650
8 2 10 355.151 2.650
8 2 11 1370.792 2.650
8 2 12 130.852 2.650
8 2 13 0.000 2.650
8 2 14 0.000 2.650
8 2 15 0.000 2.650
8 2 16 0.000 2.650
8 2 17 0.000 2.650
8 2 18 0.000 2.650
8 2 19 0.000 2.650
8 2 20 0.000 2.650
