72 5 7 89.375000 10 50 221 940 400
72 5 4 101.750000 10 50 213 940 400
72 5 6 221.756375 10 50 192 940 400
72 6 4 138.212198 10 50 201 940 400
72 3 1 149.328876 10 50 197 940 400
72 4 5 216.846557 10 50 232 940 400
72 6 6 197.451640 10 50 244 940 400
72 8 2 171.983149 10 50 259 940 400
72 8 4 200.000000 10 50 0 940 400
72 5 13 203.175655 10 50 0 940 400
72 5 12 205.826991 10 50 221 940 400
72 5 14 237.146580 10 50 0 940 400
72 6 9 212.408700 10 50 201 940 400
72 3 15 186.088827 10 50 247 940 400
72 4 12 200.000000 10 50 0 940 400
72 6 11 207.859363 10 50 238 940 400
72 8 10 206.674044 10 50 242 940 400
72 8 8 212.402936 10 50 193 940 400
72 3 0 164.738671 10 50 244 940 400
72 4 6 194.971214 10 50 238 940 400
72 17 0 207.708429 10 50 192 940 400
72 19 1 195.518947 10 50 222 940 400
72 4 7 207.526272 10 50 0 940 400
72 6 7 186.546818 10 50 189 940 400
72 16 0 176.960929 10 50 222 940 400
72 17 1 222.519329 10 50 224 940 400
72 5 5 210.426323 10 50 221 940 400
72 7 7 210.555260 10 50 0 940 400
72 15 0 214.486058 10 50 254 940 400
72 16 1 199.561539 10 50 273 940 400
72 8 7 199.208510 10 50 190 940 400
72 8 6 183.866220 10 50 0 940 400
72 7 5 212.616977 10 50 223 940 400
72 7 6 200.000000 10 50 0 940 400
72 14 3 200.000000 10 50 0 940 400
72 14 4 200.000000 10 50 0 940 400
72 14 7 200.000000 10 50 0 940 400
72 14 6 224.000349 10 50 193 940 400
72 3 14 196.076496 10 50 241 940 400
72 4 15 221.398988 10 50 208 940 400
72 17 8 212.196120 10 50 189 940 400
72 19 9 185.922480 10 50 245 940 400
72 4 14 178.202553 10 50 230 940 400
72 6 8 219.729254 10 50 221 940 400
72 16 9 198.064787 10 50 0 940 400
72 18 14 194.794104 10 50 0 940 400
72 5 15 208.901981 10 50 0 940 400
72 7 10 230.826536 10 50 10 940 400
72 15 8 204.125890 10 50 252 940 400
72 16 8 221.848111 10 50 0 940 400
72 8 11 210.754324 10 50 197 940 400
72 8 12 200.000000 10 50 0 940 400
72 7 8 216.069591 10 50 193 940 400
72 7 9 200.000000 10 50 0 940 400
72 14 9 202.336182 10 50 190 940 400
72 14 8 200.000000 10 50 0 940 400
72 14 12 200.000000 10 50 0 940 400
72 14 11 206.425775 10 50 200 940 400
72 17 4 204.140089 10 50 204 940 400
72 17 2 193.654451 10 50 0 940 400
72 17 3 178.257492 10 50 251 940 400
72 16 3 178.284729 10 50 238 940 400
72 15 1 194.289366 10 50 221 940 400
72 16 2 211.030151 10 50 258 940 400
72 18 6 208.224366 10 50 201 940 400
72 13 5 209.254393 10 50 191 940 400
72 13 7 200.000000 10 50 0 940 400
72 17 10 212.701112 10 50 227 940 400
72 17 11 239.482538 10 50 0 940 400
72 17 9 182.212609 10 50 191 940 400
72 16 10 152.407501 10 50 204 940 400
72 15 9 202.515087 10 50 212 940 400
72 16 11 207.491190 10 50 249 940 400
72 18 15 201.568017 10 50 221 940 400
72 13 8 240.618777 10 50 250 940 400
72 13 10 179.965046 10 50 186 940 400
72 19 3 220.512847 10 50 224 940 400
72 18 2 193.987820 10 50 264 940 400
72 19 4 238.366813 10 50 193 940 400
72 17 5 180.738812 10 50 204 940 400
72 18 5 187.411480 10 50 190 940 400
72 17 6 194.099850 10 50 236 940 400
72 18 4 193.780601 10 50 225 940 400
72 16 4 199.439570 10 50 206 940 400
72 14 2 203.893127 10 50 250 940 400
72 14 5 200.059744 10 50 195 940 400
72 18 7 209.783422 10 50 204 940 400
72 15 2 185.153708 10 50 190 940 400
72 13 6 229.099482 10 50 223 940 400
72 10 3 200.000000 10 50 0 940 400
72 10 2 200.000000 10 50 0 940 400
72 10 4 203.365822 10 50 235 940 400
72 10 5 200.000000 10 50 0 940 400
72 10 7 200.000000 10 50 0 940 400
72 10 6 210.860918 10 50 214 940 400
72 14 1 200.000000 10 50 0 940 400
72 19 11 191.537414 10 50 180 940 400
72 18 11 243.560938 10 50 254 940 400
72 19 12 203.754582 10 50 266 940 400
72 17 13 200.514401 10 50 204 940 400
72 18 12 198.721672 10 50 263 940 400
72 17 12 178.932255 10 50 267 940 400
72 18 10 188.886272 10 50 212 940 400
72 16 13 206.352620 10 50 198 940 400
72 14 10 179.035233 10 50 237 940 400
72 14 13 239.838179 10 50 193 940 400
72 18 13 181.991253 10 50 260 940 400
72 15 10 179.831888 10 50 205 940 400
72 13 9 203.922268 10 50 192 940 400
72 10 11 200.000000 10 50 0 940 400
72 10 10 205.471585 10 50 0 940 400
72 10 13 201.812079 10 50 259 940 400
72 10 12 200.000000 10 50 0 940 400
72 10 15 200.000000 10 50 0 940 400
72 10 14 187.252052 10 50 194 940 400
72 14 14 231.818337 10 50 187 940 400
72 15 6 222.978624 10 50 259 940 400
72 4 0 198.794615 10 50 224 940 400
72 15 7 206.789467 10 50 0 940 400
72 17 7 173.151407 10 50 238 940 400
72 16 6 196.831958 10 50 227 940 400
72 16 5 200.737733 10 50 207 940 400
72 16 7 194.658388 10 50 224 940 400
72 15 5 207.609826 10 50 224 940 400
72 14 0 200.000000 10 50 0 940 400
72 15 14 200.000000 10 50 0 940 400
72 4 9 168.993598 10 50 200 940 400
72 15 15 213.533835 10 50 0 940 400
72 17 14 200.000000 10 50 0 940 400
72 16 15 152.300142 10 50 251 940 400
72 16 12 164.389728 10 50 0 940 400
72 16 14 175.014021 10 50 257 940 400
72 15 13 206.297881 10 50 247 940 400
72 14 15 200.000000 10 50 0 940 400
72 3 6 208.893075 10 50 192 940 400
72 13 3 200.000000 10 50 0 940 400
72 9 7 200.000000 10 50 0 940 400
72 18 1 199.023146 10 50 188 940 400
72 18 0 214.118988 10 50 217 940 400
72 13 4 200.000000 10 50 0 940 400
72 9 2 200.000000 10 50 0 940 400
72 4 1 274.475154 10 50 225 940 400
72 3 7 200.000000 10 50 0 940 400
72 13 2 200.000000 10 50 0 940 400
72 7 0 200.000000 10 50 0 940 400
72 19 6 212.241486 10 50 221 940 400
72 13 0 200.000000 10 50 0 940 400
72 13 1 200.000000 10 50 0 940 400
72 15 4 200.000000 10 50 0 940 400
72 15 3 200.000000 10 50 0 940 400
72 7 1 230.687536 10 50 0 940 400
72 7 2 210.137989 10 50 0 940 400
72 9 4 200.000000 10 50 0 940 400
72 9 3 194.534613 10 50 0 940 400
72 3 8 180.376284 10 50 0 940 400
72 13 15 200.000000 10 50 0 940 400
72 9 15 200.000000 10 50 0 940 400
72 18 8 225.058167 10 50 194 940 400
72 17 15 203.297327 10 50 189 940 400
72 13 12 200.000000 10 50 0 940 400
72 9 10 200.000000 10 50 0 940 400
72 4 8 192.113157 10 50 264 940 400
72 3 9 197.284510 10 50 189 940 400
72 13 11 184.619819 10 50 0 940 400
72 7 15 220.323230 10 50 225 940 400
72 19 14 160.815397 10 50 246 940 400
72 13 14 211.133868 10 50 205 940 400
72 13 13 200.000000 10 50 0 940 400
72 15 11 200.000000 10 50 0 940 400
72 15 12 200.000000 10 50 0 940 400
72 7 13 200.000000 10 50 0 940 400
72 7 14 200.000000 10 50 0 940 400
72 9 13 200.000000 10 50 0 940 400
72 9 14 177.628566 10 50 186 940 400
72 6 2 185.440668 10 50 190 940 400
72 5 2 224.342227 10 50 224 940 400
72 6 1 200.731273 10 50 193 940 400
72 5 0 208.701023 10 50 207 940 400
72 6 0 190.234049 10 50 204 940 400
72 18 3 187.115428 10 50 189 940 400
72 5 1 188.187538 10 50 215 940 400
72 7 3 203.089168 10 50 262 940 400
72 8 1 200.000000 10 50 0 940 400
72 6 15 200.000000 10 50 0 940 400
72 5 11 217.283810 10 50 199 940 400
72 6 14 200.000000 10 50 0 940 400
72 5 9 223.564639 10 50 190 940 400
72 6 13 222.789799 10 50 201 940 400
72 18 9 210.894569 10 50 201 940 400
72 5 8 196.468642 10 50 210 940 400
72 7 12 206.117680 10 50 6 940 400
72 8 13 198.390028 10 50 195 940 400
72 5 3 194.344019 10 50 210 940 400
72 3 4 211.094126 10 50 210 940 400
72 3 5 239.839551 10 50 242 940 400
72 3 3 169.463007 10 50 191 940 400
72 6 3 181.597417 10 50 190 940 400
72 4 3 173.438487 10 50 245 940 400
72 4 2 366.997320 10 50 225 940 400
72 3 2 191.880626 10 50 227 940 400
72 6 5 203.565031 10 50 256 940 400
72 4 4 202.978063 10 50 205 940 400
72 8 5 201.947226 10 50 177 940 400
72 7 4 206.744622 10 50 228 940 400
72 8 0 196.620727 10 50 0 940 400
72 9 5 200.000000 10 50 0 940 400
72 9 6 200.000000 10 50 0 940 400
72 9 0 200.000000 10 50 0 940 400
72 9 1 200.000000 10 50 0 940 400
72 10 1 200.000000 10 50 0 940 400
72 10 0 193.255093 10 50 0 940 400
72 8 3 200.000000 10 50 0 940 400
72 5 10 224.540417 10 50 191 940 400
72 3 10 173.223030 10 50 258 940 400
72 3 11 171.090504 10 50 254 940 400
72 3 13 176.591730 10 50 190 940 400
72 6 10 214.328546 10 50 252 940 400
72 4 10 221.834562 10 50 201 940 400
72 4 11 200.269249 10 50 269 940 400
72 3 12 192.121189 10 50 267 940 400
72 6 12 168.161034 10 50 212 940 400
72 4 13 201.394323 10 50 249 940 400
72 8 15 192.468175 10 50 207 940 400
72 7 11 223.893575 10 50 186 940 400
72 8 14 226.968502 10 50 255 940 400
72 9 12 171.978631 10 50 202 940 400
72 9 11 200.000000 10 50 0 940 400
72 9 9 189.240100 10 50 0 940 400
72 9 8 208.496715 10 50 193 940 400
72 10 8 208.861700 10 50 0 940 400
72 10 9 200.000000 10 50 0 940 400
72 8 9 212.094667 10 50 188 940 400
