1 1 1 17.281848 27.514330 417.495170 177.632956 399.476317 188.595486 63.449807 36.098326 62.452377 34.307942 77.157701 34.412674
1 1 2 72.598299 28.913271 1.741837 43.832300 51.803169 166.230367 94.512028 36.934717 405.878622 48.504274 4062.510447 30.593495
1 1 3 39.612754 27.020373 0.367139 40.540436 438.350091 197.059067 0.155316 36.098334 3143.968462 13.813607 71.003938 35.064143
1 1 4 64.545455 29.012499 177.247317 46.681229 93.112114 165.507885 0.000000 37.233713 139.872042 53.780886 3576.304063 27.261104
1 1 5 73.636364 11.175240 33.210906 94.343489 352.282550 151.895200 95.693459 1.059894 29.271523 44.114534 71.321873 26.350847
1 1 6 20.306318 32.237742 176.321704 40.842200 141.286049 165.673496 0.572989 NaN 148.340292 48.843154 3166.597789 28.795472
1 1 7 73.636364 40.014270 23.448062 90.747673 331.264917 165.224775 95.693486 51.981693 34.291699 49.865562 82.765190 31.789517
1 1 8 70.000000 7.244445 32.037107 36.429038 335.743497 146.795413 0.000000 0.497595 33.805377 50.024375 78.097744 25.999316
1 1 9 73.636364 43.915476 111.013070 26.702237 392.846282 179.361869 95.693480 NaN 96.179706 29.378665 63.847676 27.605723
1 2 1 18.533184 17.435516 36.178995 76.334428 386.815595 177.606460 86.272255 18.084142 1720.046504 43.214202 60.089507 24.326244
1 2 2 68.181818 10.928369 155.600884 32.051662 71.699656 157.817387 88.605162 0.248454 105.405123 45.060099 814.481352 23.587328
1 2 3 30.478873 43.945215 33.946819 72.420288 203.769899 176.509382 1.236902 NaN 2659.580661 40.675378 1426.707142 22.205257
1 2 4 125.075017 28.000965 143.214311 30.151612 96.065129 175.683875 82.928695 37.087328 132.791148 48.001049 1829.510669 26.666757
1 2 5 68.181818 34.056350 150.959062 33.097386 332.903622 142.776316 88.605309 NaN 101.333238 42.269387 54.919416 20.561129
1 2 6 69.090909 35.512902 134.765448 30.851851 63.273043 176.281879 89.786837 NaN 133.736849 49.231564 3600.603707 25.595570
1 2 7 115.053441 27.297794 81.068104 28.894437 312.004712 137.503506 NaN 35.739909 110.810854 43.785878 65.077084 21.512230
1 2 8 73.636364 16.635068 137.271312 29.667227 170.903927 128.018585 95.693954 0.108143 86.055306 41.277472 23.525262 18.529987
1 2 9 60.000000 43.546030 57.339042 39.983470 194.526272 173.387907 0.000000 NaN 29.934151 11.732178 107.082093 21.615550
2 1 1 74.935200 40.921489 9.343725 65.303002 57.441420 173.330688 88.938564 51.981996 184.738960 59.277211 2797.925169 29.830132
2 1 2 74.545455 40.051974 388.252823 94.967866 67.642530 168.208640 0.000000 51.981717 59.183268 53.199020 4102.837161 29.797588
2 1 3 63.636364 50.955328 365.509478 87.573708 70.518836 158.352268 0.000000 NaN 57.060331 49.805434 3000.798666 26.992138
2 1 4 75.454545 52.250303 190.552120 66.809331 71.747683 163.368758 0.000000 NaN 138.353643 56.706300 1183.053936 29.959233
2 1 5 75.454545 37.531478 176.908715 95.603326 366.632208 163.771446 98.056237 46.927933 128.701005 48.353130 74.435047 29.764253
2 1 6 70.000000 52.285772 18.839400 44.952249 371.503708 163.588909 0.000000 1.086225 36.141405 51.774696 71.051416 29.136801
2 1 7 80.909091 14.388012 100.225622 86.211925 442.587238 158.126753 105.144733 0.225674 29.122240 48.167078 115.976440 28.621914
2 1 8 70.909091 6.660922 35.377857 44.933947 350.943437 151.200227 92.149328 0.203579 28.989676 51.963330 67.122055 25.251546
2 1 9 63.636364 36.505134 140.426466 35.991617 355.267386 165.755164 0.000000 46.927893 121.406097 53.736743 72.747824 29.960945
2 1 10 70.000000 16.295096 126.165341 36.148619 347.116760 150.537072 0.000000 0.102292 100.174679 52.020187 28.426361 26.246930
2 1 11 71.818182 5.791890 19.836419 36.878063 321.928036 141.675817 0.000000 0.293656 28.557718 51.460501 66.842822 24.378367
2 1 12 74.545455 28.938851 360.208748 37.670536 354.781452 155.775229 96.874866 NaN 29.820970 55.337520 79.591477 29.213356
2 1 13 70.344971 11.854030 139.042761 71.719511 422.418299 180.656793 92.180682 0.111278 124.049055 47.047550 74.409009 29.624712
2 1 14 70.909091 10.410837 162.866520 29.606787 397.487746 175.386676 0.000000 0.091305 98.690471 27.587086 59.799484 24.954095
2 1 15 64.545455 39.688023 100.638376 54.738637 293.881947 190.152750 83.879440 51.981711 34.535014 18.454046 127.442037 31.495257
2 1 16 37.853518 7.726570 95.549420 31.145355 121.455992 0.000000 1.365241 0.316065 12.289650 6.330875 18.323964 0.000000
2 1 17 60.000000 29.026795 87.985250 25.192128 0.005708 204.498047 0.000000 36.791617 28.664844 28.742604 25.903057 24.486513
2 1 18 65.454545 44.191729 115.115106 25.136909 1.360533 171.176478 0.000000 57.035571 82.656798 27.378610 30.202438 22.187523
2 1 19 70.909091 10.654760 31.456224 51.220974 333.057454 189.629414 92.149261 0.169009 937.216115 46.283238 1804.860150 28.362270
2 1 20 70.909091 7.339854 116.248195 0.000012 209.817713 186.254034 92.149220 0.061820 58.161333 51.819242 2110.345531 33.577540
2 2 1 69.090909 32.420673 154.124325 31.301607 57.356795 161.027808 89.786952 38.380583 118.346923 44.020800 1606.103109 23.793616
2 2 2 68.181818 6.705942 143.945082 29.219936 54.077005 165.360371 88.605020 0.177978 123.975727 49.599568 2451.655202 26.073655
2 2 3 70.909091 30.812232 134.829931 29.468662 385.734098 166.509543 92.149400 37.928937 144.735043 49.628998 67.173242 24.530878
2 2 4 65.454545 7.320008 181.910832 30.282048 371.378112 159.814160 85.061061 0.173670 113.034360 44.723574 67.040833 23.861661
2 2 5 72.727273 40.480022 150.038939 34.282386 430.594738 155.825178 94.512155 NaN 106.117922 45.528521 51.409326 24.102602
2 2 6 75.454545 6.816307 148.004543 32.885578 347.548338 154.877962 98.056623 0.146552 105.045819 46.635605 64.691015 23.837563
2 2 7 68.181818 30.156432 108.205206 31.624643 107.741800 132.948703 88.605747 37.426675 76.626503 41.942060 24.389061 18.706578
2 2 8 67.272727 39.454788 148.186127 76.404665 372.978280 142.699565 0.000000 NaN 101.422706 36.348127 65.259464 21.735998
2 2 9 70.909091 35.824299 125.202396 29.918633 287.992816 135.133345 0.000000 NaN 85.592897 44.399997 68.529755 20.147797
2 2 10 0.101536 -0.116838 31.665760 17.255583 280.978806 174.867036 0.094340 10.000000 70.421443 1000.000000 70.899375 1000.000000
2 2 11 84.545455 31.405791 102.990131 31.844590 191.567665 121.852408 109.870387 41.874140 77.227467 41.607614 22.037964 16.347658
2 2 12 76.363636 8.409551 102.766932 30.374849 152.370541 124.992220 99.238428 0.100466 74.794915 40.469749 20.866082 16.666487
2 2 13 64.545455 6.545129 114.519541 55.896871 378.514264 161.467553 83.879484 0.194073 83.629507 28.843102 53.681914 21.138959
2 2 14 70.909091 32.210565 88.750268 24.272277 136.406646 182.381451 92.149262 38.517307 23.967296 33.092541 1486.540822 22.910773
2 2 15 63.636364 29.942362 83.992048 37.594318 157.579838 194.452327 0.000000 37.800010 22.943651 9.410704 82.240858 21.546373
2 2 16 69.090909 52.760367 84.296618 19.764776 0.000024 0.000000 0.000000 0.225410 22.741064 19.285608 24.818674 0.000000
2 2 17 70.000000 27.473230 90.015697 22.029621 88.214941 153.652865 90.967803 39.321954 47.476840 26.127516 25.125494 32.421166
2 2 18 60.470720 37.121331 63.044556 33.314523 92.472772 0.000000 77.973630 0.875258 51.290006 7.864572 26.216792 0.000000
2 2 19 70.000000 29.059547 86.378300 25.482619 367.427718 160.824671 0.000000 NaN 22.023662 31.530753 50.666406 20.319174
2 2 20 32.817262 47.264171 78.752435 25.097892 375.533088 164.305544 0.312069 NaN 21.357388 31.857901 57.895993 23.011193
3 1 1 52.314444 24.087302 446.493059 87.558743 435.608486 192.966182 67.919640 0.063269 54.071105 54.014105 69.874282 28.711804
3 1 2 64.545455 50.217585 173.240362 93.395787 378.195318 163.577995 83.879445 51.981682 149.858508 52.360333 75.144978 27.312231
3 1 3 71.818182 27.691885 169.064937 89.614809 428.595533 184.194422 0.000000 36.098340 138.582637 52.455568 61.034945 28.113308
3 1 4 70.000000 48.272851 185.156573 49.234831 141.465329 160.923497 90.967872 NaN 132.763398 53.559894 2888.959546 28.512845
3 1 5 78.181818 40.192042 36.245520 80.577763 371.114710 163.948511 101.600431 NaN 32.614834 57.308976 71.231466 27.577123
3 1 6 73.340247 54.541943 201.117750 71.916271 114.201063 167.227655 87.874283 57.035711 145.761362 58.783193 2058.386209 30.196423
3 1 7 65.454545 49.259907 21.353974 81.863937 351.995373 152.962038 85.060863 51.981677 31.535184 46.923726 70.508194 26.703438
3 1 8 77.300332 49.610778 20.202289 37.784467 340.568713 147.829676 99.237659 51.981643 30.272710 50.903423 80.313098 25.331916
3 1 9 64.545455 32.409055 8.097239 32.978495 0.000001 170.476112 0.000000 38.353597 932.826447 23.321711 36.824447 12.615457
3 2 1 68.181818 27.777778 162.825107 85.519530 309.009481 178.248352 0.000000 36.098434 82.072990 17.433597 2937.206625 22.504186
3 2 2 70.909091 27.777778 147.077340 31.182742 89.843749 148.729757 92.149873 36.098370 119.534237 43.619079 1013.571494 20.339450
3 2 3 76.363636 7.458246 36.629344 44.155359 460.387219 204.754874 99.237711 0.297763 443.116563 11.553243 63.187871 26.099919
3 2 4 67.272727 34.361581 71.781167 29.753855 334.217012 139.827003 87.423945 38.962901 149.818374 43.785551 88.306545 17.894142
3 2 5 78.181818 6.929396 159.468223 35.507525 317.941579 135.361029 101.600747 44.171917 97.062028 41.831858 56.265160 19.179371
3 2 6 67.272727 39.153892 151.465499 71.528452 65.713129 139.062888 87.426034 7.196738 101.114710 36.934274 992.569034 18.738678
3 2 7 78.168406 50.347203 146.956084 32.160499 329.650206 142.469825 101.600596 0.891855 103.521923 42.381942 59.297107 21.726925
3 2 8 68.181818 34.813721 131.587437 29.519613 149.097148 121.280885 0.000000 NaN 82.020549 40.474348 23.400619 15.726764
3 2 9 70.909091 6.346528 84.175910 23.682985 101.626058 194.934402 92.149239 0.228465 19.126771 30.456281 25.864050 8.173941
4 1 1 14.941999 28.700065 19.388210 43.646435 87.252362 168.130243 86.538980 37.053370 164.585623 47.080327 3541.651963 28.858283
4 1 2 11.641257 54.576113 18.651182 38.910208 32.083504 164.311012 0.171558 NaN 191.049599 43.650772 2446.312198 32.742271
4 1 3 65.206251 19.298439 198.449354 40.116998 84.270395 166.316400 85.060850 0.139154 145.686077 51.394966 3464.698073 27.606287
4 1 4 71.818182 33.818305 3.783130 92.264281 394.785532 172.479605 0.000000 NaN 407.659991 54.513345 128.044527 30.225852
4 1 5 64.545455 40.292780 18.296561 82.975029 345.295090 152.570275 83.879499 51.981821 33.806184 47.386655 75.114388 28.525383
4 1 6 80.909091 8.977231 19.296969 43.703427 446.443336 161.059551 0.000000 0.539777 30.642305 53.069785 115.074027 29.379059
4 1 7 67.272727 14.208324 26.901340 43.490279 360.871839 159.919380 87.423647 0.705455 29.405900 53.735771 69.113501 28.057488
4 1 8 81.818182 5.852090 61.954662 47.170496 390.123485 151.781007 106.326285 43.292596 29.005681 47.751136 125.027506 25.560511
4 1 9 69.090909 13.233953 158.703417 36.103951 349.516968 154.154695 89.786435 0.685925 117.671082 55.260812 85.418689 28.166456
4 1 10 79.090909 7.400196 47.444668 34.556146 307.221784 135.296222 0.000000 0.111988 30.275514 50.753244 64.801293 23.532028
4 1 11 70.909091 6.334660 15.286202 36.469198 346.827313 155.304102 92.149225 0.125858 32.254742 55.535907 86.663036 31.648934
4 1 12 70.909091 30.414636 18.609247 37.505162 327.714739 145.078271 92.149298 NaN 30.995300 52.189348 64.416391 24.664357
4 1 13 63.636364 37.338985 111.758198 25.282869 0.250671 208.259770 0.000000 46.927912 54.173470 24.880231 32.965975 10.184038
4 1 14 64.545455 32.914054 134.559151 32.089109 159.259546 174.276593 83.879473 NaN 101.390950 25.239942 2539.405801 27.286405
4 1 15 70.909091 6.558876 107.780416 23.806090 433.180407 162.870681 0.000000 0.485211 87.160199 30.750113 34.141486 28.703796
4 1 16 67.661271 10.617457 66.596351 2.108770 218.127846 112.725879 88.604979 0.114735 15.307988 35.827532 51.928806 33.789789
4 1 17 67.004026 6.663731 86.414582 18.149984 150.498808 108.469762 77.737371 0.205545 32.726072 22.049480 83.073710 23.923310
4 1 18 30.954045 29.794491 97.423580 25.587619 297.720299 169.838456 0.207661 37.077797 89.251562 33.691884 134.812341 26.369752
4 1 19 11.995931 60.064091 97.148454 23.134089 430.556269 199.802044 0.058334 35.037342 70.605378 30.944124 83.023741 38.049744
4 1 20 14.885235 51.456995 138.229535 37.154717 388.248933 169.467265 86.392600 0.573606 148.332648 27.975095 62.813494 25.335071
4 2 1 68.181818 41.803807 181.021610 33.011899 44.755256 164.417795 88.605218 NaN 108.895020 49.588981 2245.158140 24.723649
4 2 2 70.909091 29.781635 96.698440 29.273597 432.248909 190.693900 0.000000 37.293409 36.426184 52.117031 72.675658 26.610300
4 2 3 80.000000 8.247448 196.915736 32.980951 393.796754 170.359715 103.963455 0.646711 114.632998 50.828874 68.947247 23.461208
4 2 4 65.869748 36.906377 157.515203 33.428111 355.588596 150.534921 87.424144 NaN 113.537261 41.202658 63.173512 21.353578
4 2 5 69.090909 34.903249 99.111936 73.146026 330.739068 144.467039 89.786613 NaN 25.959419 38.087352 57.976092 21.879890
4 2 6 72.947560 30.900670 138.346418 32.196668 350.528430 148.418981 90.971111 37.768671 105.997406 46.121946 56.868047 21.434668
4 2 7 80.000000 27.584182 98.417530 38.469238 353.486435 157.643613 103.963440 NaN 25.392197 46.425504 60.398813 22.988447
4 2 8 77.272727 39.060349 154.360960 32.247603 273.654339 136.301664 100.419307 NaN 97.727777 44.243896 100.254793 18.814308
4 2 9 84.545455 35.651854 151.901198 34.498084 294.659753 130.664444 109.870421 46.927917 88.528670 43.721775 38.176100 18.793230
4 2 10 72.582199 33.006295 119.069177 26.778988 265.240437 118.517432 95.693856 0.795918 76.092347 43.586471 53.301575 14.455811
4 2 11 77.654149 37.792793 126.949749 29.869450 325.942423 143.502408 100.419171 NaN 92.846448 51.093198 58.085417 21.846585
4 2 12 75.580992 6.101816 114.475112 32.115430 360.206833 128.049092 100.419188 41.148300 82.364299 42.458818 22.800373 18.098764
4 2 13 64.545455 39.892007 87.234801 56.849781 0.074904 170.867873 83.879467 5.696016 24.438023 31.553123 32.544671 17.835562
4 2 14 67.272727 43.947398 81.346433 24.215113 255.242463 174.384175 87.423653 46.930775 23.249242 32.810958 133.800441 22.607405
4 2 15 70.909091 7.862965 94.201803 23.554632 271.972255 179.700297 92.149225 0.305067 30.566061 29.157073 61.284347 21.204473
4 2 16 66.363636 41.238983 60.644401 23.145784 97.143789 257.802981 86.242212 46.927867 29.642450 36.765833 30.097417 14.573372
4 2 17 19.547159 30.524474 16.048764 33.212791 77.021519 723.436156 1.195648 NaN 235.975248 9.660061 17.068938 6.387493
4 2 18 21.999841 30.977441 61.462594 6.406645 167.294906 168.242523 92.158128 37.982200 32.442587 16.844145 77.683228 17.250496
4 2 19 74.545455 29.363047 85.253448 24.348202 202.152034 165.906392 96.874865 37.235864 23.743723 34.225659 185.992123 22.318085
4 2 20 67.904864 42.701960 116.720267 28.196046 389.886641 166.167993 89.786488 NaN 73.201272 31.736626 56.632082 22.371432
5 1 1 62.727273 26.276525 39.055135 98.032209 486.284025 193.500275 0.000000 36.098474 2860.033533 52.319241 3281.779653 29.724562
5 1 2 66.363636 35.608646 168.497768 88.103366 9.754896 171.824513 86.242260 46.927914 142.086019 55.103646 4137.300452 32.132154
5 1 3 12.279614 42.106787 42.810082 196.157857 455.733349 193.463902 0.242123 46.940856 2371.390183 29.074845 3020.876645 30.569458
5 1 4 68.181818 35.585610 176.957076 90.841973 56.765967 163.829384 88.605081 46.927956 141.145273 50.540614 1373.787459 27.855791
5 1 5 70.000000 7.197388 339.229038 77.594062 417.577198 151.247253 0.000000 0.322125 45.457609 47.391679 110.476945 25.323075
5 1 6 71.818182 7.932081 187.385392 78.320430 92.505862 160.241472 0.000000 0.178421 141.549832 54.126915 3880.843450 29.461150
5 1 7 80.000000 37.276470 197.282646 52.122849 450.777447 147.841485 0.000000 46.928126 116.293387 47.849844 76.920236 24.613770
5 1 8 78.181818 9.514405 20.653312 38.831766 323.268339 141.854842 101.600511 0.185180 28.678856 51.555968 66.349406 23.325522
5 1 9 70.360988 40.221121 115.906483 30.109050 263.934917 187.907698 92.149219 51.981668 96.955686 30.557330 135.371423 27.936141
5 2 1 64.545455 8.360637 29.957399 39.727671 424.986327 181.866491 83.879513 0.336476 1126.217067 10.818385 59.807506 25.213159
5 2 2 65.454545 14.305902 139.974940 29.269098 43.073372 169.056452 85.060852 0.319416 150.740601 49.978428 2236.342625 26.866187
5 2 3 66.523293 7.197038 32.106014 40.472085 421.665988 190.584930 87.423637 0.033037 602.680307 11.650237 74.923971 28.351073
5 2 4 71.963322 56.765462 9.835602 31.917796 347.524166 145.314063 93.330884 33.283707 164.648134 47.523709 58.182603 20.402921
5 2 5 80.909091 40.056240 50.315433 81.799634 329.726111 141.421789 105.144845 46.927901 27.898950 36.407889 60.913229 22.285213
5 2 6 70.909091 28.646699 70.561549 31.028787 357.376195 152.417340 92.149885 36.595868 153.902842 47.818725 63.826431 21.608052
5 2 7 69.090909 30.393610 151.803740 31.888486 288.851586 137.302519 89.787065 37.766649 98.857571 43.973057 72.641439 19.385020
5 2 8 68.181818 33.809753 103.099775 30.529183 160.327969 140.019999 88.605191 NaN 74.457074 45.541222 28.003246 21.784802
5 2 9 72.995457 10.977108 89.050927 42.164093 71.212817 166.496829 88.230927 0.267196 26.871517 14.498524 1264.538575 19.589882
6 1 1 70.000000 7.055892 17.458578 47.050448 81.224610 164.140696 0.000000 44.845065 186.146298 42.308441 3141.690897 30.238659
6 1 2 70.909091 38.464588 358.946274 62.295253 144.326667 154.055871 92.149343 NaN 62.160658 52.514766 2658.707482 29.817640
6 1 3 70.909091 5.952611 197.550948 50.784965 33.155861 162.225863 0.000000 0.164488 140.739588 52.969218 2377.336093 32.719389
6 1 4 76.363636 28.644047 3.852926 100.421784 49.368816 168.352901 99.237643 37.436854 462.426433 50.358264 2929.859724 31.393197
6 1 5 74.545455 51.915139 21.880824 69.753030 349.906270 150.773366 96.874896 1.085324 35.338076 50.164068 69.146780 25.463982
6 1 6 73.636364 32.920848 17.696390 37.083959 345.588897 148.359812 95.693502 NaN 29.465920 50.688091 66.055072 25.126899
6 1 7 73.636364 31.512327 26.702402 43.934020 349.070658 150.934047 0.000000 38.585110 34.849935 51.366837 68.136363 25.997599
6 1 8 70.000000 15.287783 14.626462 46.902318 368.253304 162.550218 90.967854 0.126638 44.243487 53.857257 70.793833 27.808861
6 1 9 78.181818 34.664259 16.480122 38.750275 339.261169 148.918844 101.600460 46.928009 30.417256 51.887704 69.074367 26.093257
6 1 10 78.181818 39.723274 15.142016 36.080126 320.470182 138.216086 101.600478 46.927966 31.337470 49.971926 61.486165 21.879167
6 1 11 71.818182 13.618368 21.910389 36.234765 324.801759 142.326913 93.330676 0.129119 29.093665 52.396501 62.915644 23.949400
6 1 12 90.000000 35.806169 19.595453 43.042004 339.552390 154.076698 116.958652 46.927889 30.485136 51.993227 65.889901 26.500092
6 1 13 33.168148 43.754315 7.419473 38.840534 143.408360 166.883484 3.930117 NaN 521.960994 29.249705 616.217766 24.950625
6 1 14 68.181818 7.890416 41.432888 29.360822 436.532222 193.801211 88.605001 0.073277 176.704500 32.647251 70.096492 31.682105
6 1 15 61.665613 17.338462 103.399962 25.738368 0.000000 186.524831 85.060773 0.148045 89.867815 28.243589 254.385476 28.373964
6 1 16 63.636364 9.782243 112.549471 29.172300 502.391123 222.642014 0.000000 0.399552 85.808607 27.817659 27.879619 28.247711
6 1 17 70.393436 49.611187 96.236549 36.193783 0.000000 0.000000 91.496587 6.881584 66.757123 8.112500 27.209259 0.000000
6 1 18 70.000000 6.192259 122.671765 59.813566 416.232034 189.755740 90.967860 0.245426 87.974379 30.670577 54.794117 28.305025
6 1 19 64.545455 8.987694 4.055384 28.926990 401.018237 185.020572 83.879467 0.249202 646.067238 30.193989 63.558078 27.104160
6 1 20 66.363636 8.623026 75.777289 37.729893 142.132947 189.708726 86.242251 0.104356 158.023757 32.226483 1291.038497 31.287057
6 2 1 69.090909 15.670406 8.901431 28.246829 25.357029 166.269826 89.786444 0.141943 3901.807656 45.661105 4415.130550 28.832823
6 2 2 84.545455 15.576502 8.874064 36.124564 48.458997 144.711048 0.000000 0.246609 71.000113 45.870751 1728.202854 20.892086
6 2 3 65.454545 29.360945 144.743306 28.878512 22.015749 144.098411 85.061076 36.888320 103.951124 46.346457 2716.407434 20.553678
6 2 4 60.000000 33.658342 130.742081 27.187063 376.680311 167.847514 0.000000 38.983110 125.230146 49.275354 81.587241 30.235444
6 2 5 78.181818 47.371764 143.951927 30.590445 201.024283 142.193341 101.600462 NaN 102.883726 45.419974 94.003539 21.131947
6 2 6 82.727273 10.392604 137.419914 34.095604 179.209234 156.205632 0.000000 0.258302 106.409999 48.494521 26.556836 23.014656
6 2 7 87.272727 35.702833 37.788051 38.408271 404.325239 148.979309 0.000000 46.928007 32.157041 45.939041 72.745758 22.533463
6 2 8 61.818182 45.523952 138.698527 33.955023 361.901943 156.844928 0.000000 1.605674 111.403090 46.846051 67.056112 25.890141
6 2 9 72.666569 11.364004 102.672610 29.543825 333.236103 138.363028 94.512206 0.147789 83.243195 46.387314 45.960366 20.465286
6 2 10 67.272727 30.454250 112.227717 24.814277 94.655402 122.101097 0.000000 37.450374 79.110659 43.583834 26.252116 15.492701
6 2 11 83.159400 6.385507 102.890155 28.557481 365.141279 126.577804 106.332694 43.081646 84.161042 44.974753 28.785648 16.957750
6 2 12 87.360270 40.176334 169.985613 37.369766 312.644745 136.025275 115.781812 51.981639 87.483669 42.816396 53.900912 19.021071
6 2 13 66.363636 44.189398 82.307041 26.516177 372.513989 160.723367 86.242289 7.583836 20.784626 30.887291 53.350994 22.101593
6 2 14 93.159981 33.708711 80.794424 22.148759 265.409157 185.335586 NaN NaN 20.683590 33.780577 192.413979 23.968328
6 2 15 66.363636 34.752743 61.968028 20.119222 140.339488 157.923140 86.242245 NaN 25.660504 26.061389 66.478932 15.958275
6 2 16 78.181818 36.611966 102.231968 27.001993 0.168849 1211.999262 101.600450 46.927953 30.561476 40.020256 30.281694 25.975947
6 2 17 67.044219 5.862208 33.238826 25.696818 97.691644 0.000000 86.242259 0.071268 655.626599 11.390624 97.617030 0.000000
6 2 18 87.272727 0.000000 97.799930 44.484340 229.591520 183.911877 113.414545 10.000000 729.998987 1000.000000 85.881717 22.774580
6 2 19 70.909091 32.222222 87.866073 22.724676 133.612527 174.682379 92.149241 41.874068 22.797639 32.077468 2326.176044 20.221269
6 2 20 69.090909 29.092183 123.311577 27.886360 129.217908 183.330275 0.000000 36.804374 104.584093 33.170128 2005.749319 23.416286
7 1 1 66.363636 37.073536 1.901206 41.431472 430.223616 185.710278 86.242289 46.928186 2238.137996 12.530583 69.814561 32.201041
7 1 2 34.937567 28.289402 4.647811 46.043625 60.309850 177.532234 3.411981 NaN 240.556516 46.450904 2132.105400 33.908341
7 1 3 66.729290 25.043395 37.865717 41.385334 427.119152 184.176581 85.118611 0.832915 1662.729693 13.063145 64.754819 29.336887
7 1 4 62.727273 40.986692 361.691610 45.736263 134.882758 165.835660 0.000000 51.982762 56.805270 54.649977 3012.488141 28.152992
7 1 5 73.636364 29.556359 101.027882 84.427267 368.994309 159.440107 95.693494 38.014930 32.072563 49.503583 73.618085 28.610218
7 1 6 77.272727 37.039907 187.960026 83.183261 129.823465 172.990895 0.000000 46.928118 151.779389 57.164965 3330.694801 30.064205
7 1 7 63.639756 11.214982 1.031967 43.196066 379.600356 174.475168 82.698082 0.129414 158.186927 53.736345 78.733005 33.592406
7 1 8 72.489644 8.315591 12.680128 37.229514 348.949926 154.639806 90.968150 1.144912 32.656796 52.192372 72.361789 26.498954
7 1 9 59.369527 41.048419 52.139143 32.680856 402.486445 184.517482 76.791055 0.206217 107.448262 30.171511 64.637209 27.339800
7 2 1 10.731125 27.234174 144.314572 41.308317 274.524664 183.790417 0.162147 36.098337 107.842180 10.365290 2902.778556 25.749756
7 2 2 59.090909 36.080977 138.847782 28.297690 59.779776 151.600704 0.000000 NaN 109.991580 47.103043 855.244984 21.464557
7 2 3 65.386847 9.673695 127.512386 40.250420 416.769154 179.635695 85.060925 0.276443 112.748982 11.041087 54.248273 22.908420
7 2 4 62.514339 15.096437 148.356492 31.090574 58.394582 154.445470 81.516775 0.908046 109.489673 47.443212 692.374301 23.721975
7 2 5 67.272727 35.465152 15.244517 29.982219 350.060208 138.311811 87.423820 NaN 129.675794 44.647850 69.812547 21.182870
7 2 6 6.838271 33.864815 136.516302 27.340997 409.195738 176.509602 0.269792 38.682876 135.595361 48.684345 74.503973 26.880228
7 2 7 74.545455 8.074338 135.059081 32.628867 149.622475 145.735822 0.000000 0.596115 96.223886 45.266339 78.468629 22.838520
7 2 8 0.266363 0.030035 32.184684 126.782930 298.379758 180.886968 0.966068 1.571715 56.948908 85.141519 108.085118 26.966997
7 2 9 70.909091 38.443830 88.319967 24.232798 426.578048 188.705960 92.149288 NaN 25.609012 33.067415 50.285246 21.606569
8 1 1 33.978347 34.029899 175.464642 45.071410 38.988601 177.148925 0.877574 NaN 112.074106 46.332216 820.335061 32.536049
8 1 2 65.454545 41.492897 59.443570 46.202030 370.976971 161.149464 85.060881 46.927921 93.200714 51.429192 73.351785 28.350966
8 1 3 66.363636 41.011612 9.910567 85.179402 49.049404 158.662442 0.000000 51.984056 216.650451 49.603768 2502.651505 28.064948
8 1 4 73.636364 33.289965 175.706467 88.824944 44.827247 157.917734 95.693470 NaN 134.908276 48.198297 3523.964899 26.388500
8 1 5 75.454545 49.179025 39.259652 87.486060 364.488320 156.784554 98.056273 0.925051 32.514476 47.330355 66.990502 27.653902
8 1 6 66.363636 36.815668 20.824245 41.681652 357.817744 157.613883 86.242287 46.928084 34.976501 47.695651 68.091487 28.306003
8 1 7 78.181818 10.069311 18.378747 46.134783 435.029225 161.039600 101.600475 2.734214 33.675211 51.536445 121.643138 28.517332
8 1 8 69.090909 35.473241 90.056939 39.307138 461.111244 163.494795 89.786437 46.927881 135.950776 50.400845 123.850252 30.639727
8 1 9 64.545455 41.390057 22.543290 38.406772 354.986600 156.484519 83.879455 46.927884 51.895657 53.131425 79.048337 27.766863
8 1 10 70.000000 11.185547 148.894757 37.549717 341.735385 155.570028 0.000000 0.262039 116.182068 55.893086 75.191752 29.512748
8 1 11 70.909091 9.848293 27.176334 36.200912 395.915037 142.427996 0.000000 0.200526 27.528940 51.315914 64.087727 23.414270
8 1 12 88.181818 37.009935 28.687287 38.526936 336.717471 156.416443 114.595868 46.927914 29.140622 52.056016 99.761163 28.655927
8 1 13 11.027615 35.249488 9.000008 44.129337 237.981129 181.504798 2.017304 NaN 1971.701785 29.193159 1473.314401 29.977014
8 1 14 58.291370 7.815758 106.737395 66.859228 176.269839 186.516121 75.609629 0.920879 115.533112 37.846848 2778.499477 28.839315
8 1 15 67.272727 41.922226 115.136100 59.979244 223.464936 186.773401 0.000000 46.927986 77.968870 25.169155 122.112458 27.450914
8 1 16 67.272727 25.788790 89.828337 42.834765 148.334568 0.000000 87.423660 0.920497 49.810059 15.834481 64.674786 0.000000
8 1 17 31.307995 36.408597 106.589128 52.838146 170.347409 163.868654 0.391220 39.837897 70.760788 26.333069 92.204245 30.242728
8 1 18 61.032918 55.457701 105.140630 32.301830 403.253810 192.963465 79.153858 0.089492 45.764429 29.004172 60.088110 24.273924
8 1 19 78.073633 17.488744 116.228207 35.107296 426.647652 188.382025 89.894182 2.048994 102.696439 47.402711 66.090112 28.920534
8 1 20 62.727273 37.271850 14.701320 33.726648 226.487888 175.771161 0.000000 NaN 1312.861171 27.825190 184.401076 28.111377
8 2 1 67.272727 6.267172 144.816878 32.024358 47.420393 158.175752 87.424084 43.466650 114.259049 47.921272 1241.689972 25.103687
8 2 2 80.909091 9.765236 0.013883 31.331127 397.540887 169.185631 105.144795 1.811133 234.559703 49.316561 67.623344 25.353953
8 2 3 72.727273 50.378279 142.727514 30.622574 82.727056 165.720564 94.512454 1.138444 124.155790 46.375869 930.793419 25.279913
8 2 4 71.818182 11.741529 138.156779 29.854674 56.741500 175.321089 0.000000 0.718028 133.401520 46.206454 1978.193306 25.655510
8 2 5 70.000000 7.322260 154.011248 33.426874 364.757008 139.424525 90.967970 0.143812 96.832787 42.034542 76.054151 21.089675
8 2 6 81.005871 12.404925 150.163930 33.610228 297.133803 154.558744 96.885315 1.129780 106.176421 45.517464 127.845096 23.957278
8 2 7 64.545455 11.882849 128.420309 29.702745 345.685154 151.748696 0.000000 0.199097 104.524210 45.414457 61.767647 23.922949
8 2 8 67.272727 7.494656 112.370302 33.593947 360.287186 156.211298 87.423662 43.318513 129.774541 45.994987 64.739329 25.287155
8 2 9 79.090909 11.081978 132.391437 70.774948 215.801213 143.631391 0.000000 0.323305 95.073838 34.033378 115.338276 21.804229
8 2 10 69.090909 6.668124 87.028726 29.374889 316.028191 142.160154 89.786607 2.200908 72.782606 47.696028 58.083068 20.942701
8 2 11 68.181818 55.569501 87.504254 27.967364 308.960700 133.840591 88.605362 47.098447 76.121644 44.567680 54.669444 18.990408
8 2 12 71.818182 6.455744 127.171450 65.778552 312.696297 139.115016 0.000000 0.499308 93.418460 32.521358 61.166232 20.972825
8 2 13 64.545455 33.754267 87.412648 30.804146 154.824764 183.816117 83.879467 41.874494 23.953219 36.024055 2574.824286 22.972115
8 2 14 79.090909 33.129569 86.375076 22.938050 192.991416 175.990782 102.781879 NaN 21.609980 30.262163 1740.281220 20.851619
8 2 15 67.272727 8.593142 52.019297 20.774615 147.251027 122.937328 87.423670 0.205434 29.633409 28.977192 69.079705 11.222929
8 2 16 67.542949 36.120642 66.062884 35.860008 109.464942 128.122051 87.423629 46.927909 12.859033 16.461194 38.989649 3.638740
8 2 17 61.818182 41.080845 45.507963 21.407188 87.619432 182.100075 0.000000 NaN 29.548493 30.249494 25.506318 25.269412
8 2 18 64.235587 41.265688 82.475418 23.323141 181.726189 113.774107 85.060839 51.981929 24.744094 28.865889 94.004258 12.874069
8 2 19 79.225667 13.051549 92.487355 26.477127 241.471050 177.343627 90.189195 27.247173 26.867361 34.298238 1832.172379 24.149926
8 2 20 74.545455 49.965096 129.014483 32.626495 173.346160 183.517548 96.874841 51.981635 88.846156 34.516813 2328.863195 25.973780
