1 1 1 17.281848 27.514330 417.495170 177.632956 403.597599 188.595486 63.449807 36.098326 62.452377 34.307942 74.056435 34.412674
1 1 2 72.598299 28.913271 1.741837 43.832300 364.103222 166.230367 94.512028 36.934717 405.878622 48.504274 68.745284 30.593495
1 1 3 39.612754 27.020373 0.367139 40.540436 444.313699 197.059067 0.155316 36.098334 3143.968462 13.813607 64.633479 35.064143
1 1 4 64.545455 29.012499 177.247317 46.681229 392.670529 165.507885 0.000000 37.233713 139.872042 53.780886 64.488156 27.261104
1 1 5 73.636364 11.175240 33.210906 94.343489 357.887451 151.895200 95.693459 1.059894 29.271523 44.114534 63.988827 26.350847
1 1 6 20.306318 32.237742 176.321704 40.842200 391.189328 165.673496 0.572989 NaN 148.340292 48.843154 69.048459 28.795472
1 1 7 73.636364 40.014270 23.448062 90.747673 378.127395 165.224775 95.693486 51.981693 34.291699 49.865562 68.619550 31.789517
1 1 8 70.000000 7.244445 32.037107 36.429038 341.996204 146.795413 0.000000 0.497595 33.805377 50.024375 59.500745 25.999316
1 1 9 73.636364 43.915476 111.013070 26.702237 411.744369 179.361869 95.693480 NaN 96.179706 29.378665 59.917493 27.605723
1 2 1 18.533184 17.435516 36.178995 76.334428 393.676841 177.606460 86.272255 18.084142 1720.046504 43.214202 53.004361 24.326244
1 2 2 68.181818 10.928369 155.600884 32.051662 356.217453 157.817387 88.605162 0.248454 105.405123 45.060099 54.204710 23.587328
1 2 3 30.478873 43.945215 33.946819 72.420288 391.862187 176.509382 1.236902 NaN 2659.580661 40.675378 49.070857 22.205257
1 2 4 125.075017 28.000965 143.214311 30.151612 403.853397 175.683875 82.928695 37.087328 132.791148 48.001049 60.602784 26.666757
1 2 5 68.181818 34.056350 150.959062 33.097386 337.056890 142.776316 88.605309 NaN 101.333238 42.269387 48.103556 20.561129
1 2 6 69.090909 35.512902 134.765448 30.851851 409.751792 176.281879 89.786837 NaN 133.736849 49.231564 60.153832 25.595570
1 2 7 115.053441 27.297794 81.068104 28.894437 328.677407 137.503506 NaN 35.739909 110.810854 43.785878 65.466214 21.512230
1 2 8 73.636364 16.635068 137.271312 29.667227 306.197964 128.018585 95.693954 0.108143 86.055306 41.277472 54.957591 18.529987
1 2 9 60.000000 43.546030 57.339042 39.983470 397.108022 173.387907 0.000000 NaN 29.934151 11.732178 42.720647 21.615550
2 1 1 74.935200 40.921489 9.343725 65.303002 406.948324 173.330688 88.938564 51.981996 184.738960 59.277211 70.239177 29.830132
2 1 2 74.545455 40.051974 388.252823 94.967866 389.552436 168.208640 0.000000 51.981717 59.183268 53.199020 70.021658 29.797588
2 1 3 63.636364 50.955328 365.509478 87.573708 374.846982 158.352268 0.000000 NaN 57.060331 49.805434 65.031361 26.992138
2 1 4 75.454545 52.250303 190.552120 66.809331 377.754615 163.368758 0.000000 NaN 138.353643 56.706300 69.163750 29.959233
2 1 5 75.454545 37.531478 176.908715 95.603326 373.396378 163.771446 98.056237 46.927933 128.701005 48.353130 66.913797 29.764253
2 1 6 70.000000 52.285772 18.839400 44.952249 375.582790 163.588909 0.000000 1.086225 36.141405 51.774696 66.098494 29.136801
2 1 7 80.909091 14.388012 100.225622 86.211925 364.923294 158.126753 105.144733 0.225674 29.122240 48.167078 63.841255 28.621914
2 1 8 70.909091 6.660922 35.377857 44.933947 354.720267 151.200227 92.149328 0.203579 28.989676 51.963330 61.047768 25.251546
2 1 9 63.636364 36.505134 140.426466 35.991617 363.914099 165.755164 0.000000 46.927893 121.406097 53.736743 64.392964 29.960945
2 1 10 70.000000 16.295096 126.165341 36.148619 343.147368 150.537072 0.000000 0.102292 100.174679 52.020187 61.813212 26.246930
2 1 11 71.818182 5.791890 19.836419 36.878063 328.810860 141.675817 0.000000 0.293656 28.557718 51.460501 59.250824 24.378367
2 1 12 74.545455 28.938851 360.208748 37.670536 363.815077 155.775229 96.874866 NaN 29.820970 55.337520 71.150243 29.213356
2 1 13 70.344971 11.854030 139.042761 71.719511 432.973403 180.656793 92.180682 0.111278 124.049055 47.047550 67.085265 29.624712
2 1 14 70.909091 10.410837 162.866520 29.606787 407.842136 175.386676 0.000000 0.091305 98.690471 27.587086 53.351829 24.954095
2 1 15 64.545455 39.688023 100.638376 54.738637 428.781134 190.152750 83.879440 51.981711 34.535014 18.454046 65.555906 31.495257
2 1 16 37.853518 7.726570 95.549420 31.145355 0.000000 280.194676 1.365241 0.316065 12.289650 6.330875 0.000000 4.651327
2 1 17 60.000000 29.026795 87.985250 25.192128 448.079998 124.665883 0.000000 36.791617 28.664844 28.742604 29.694860 9.564754
2 1 18 65.454545 44.191729 115.115106 25.136909 394.151465 171.176478 0.000000 57.035571 82.656798 27.378610 46.601443 22.187523
2 1 19 70.909091 10.654760 31.456224 51.220974 435.051718 189.629414 92.149261 0.169009 937.216115 46.283238 57.457665 28.362270
2 1 20 70.909091 7.339854 116.248195 0.000012 437.416133 186.254034 92.149220 0.061820 58.161333 51.819242 74.379400 33.577540
2 2 1 69.090909 32.420673 154.124325 31.301607 381.583134 161.027808 89.786952 38.380583 118.346923 44.020800 54.131590 23.793616
2 2 2 68.181818 6.705942 143.945082 29.219936 384.068843 165.360371 88.605020 0.177978 123.975727 49.599568 60.200781 26.073655
2 2 3 70.909091 30.812232 134.829931 29.468662 389.812269 166.509543 92.149400 37.928937 144.735043 49.628998 56.828317 24.530878
2 2 4 65.454545 7.320008 181.910832 30.282048 376.055453 159.814160 85.061061 0.173670 113.034360 44.723574 54.521639 23.861661
2 2 5 72.727273 40.480022 150.038939 34.282386 355.858663 155.825178 94.512155 NaN 106.117922 45.528521 52.336063 24.102602
2 2 6 75.454545 6.816307 148.004543 32.885578 355.381828 154.877962 98.056623 0.146552 105.045819 46.635605 56.610770 23.837563
2 2 7 68.181818 30.156432 108.205206 31.624643 304.021534 132.948703 88.605747 37.426675 76.626503 41.942060 44.093171 18.706578
2 2 8 67.272727 39.454788 148.186127 76.404665 332.843599 142.699565 0.000000 NaN 101.422706 36.348127 51.794207 21.735998
2 2 9 70.909091 35.824299 125.202396 29.918633 301.249574 135.133345 0.000000 NaN 85.592897 44.399997 46.823394 20.147797
2 2 10 0.101536 -0.116838 31.665760 17.255583 292.864707 174.867036 0.094340 10.000000 70.421443 1000.000000 57.887961 1000.000000
2 2 11 84.545455 31.405791 102.990131 31.844590 291.122672 121.852408 109.870387 41.874140 77.227467 41.607614 41.410102 16.347658
2 2 12 76.363636 8.409551 102.766932 30.374849 290.339547 124.992220 99.238428 0.100466 74.794915 40.469749 43.056523 16.666487
2 2 13 64.545455 6.545129 114.519541 55.896871 384.586351 161.467553 83.879484 0.194073 83.629507 28.843102 48.675007 21.138959
2 2 14 70.909091 32.210565 88.750268 24.272277 430.727159 182.381451 92.149262 38.517307 23.967296 33.092541 51.446629 22.910773
2 2 15 63.636364 29.942362 83.992048 37.594318 458.529723 103.366330 0.000000 37.800010 22.943651 9.410704 72.458108 10.457817
2 2 16 69.090909 52.760367 84.296618 19.764776 5862.668151 20.715609 0.000000 0.225410 22.741064 19.285608 470.743981 3.637475
2 2 17 70.000000 27.473230 90.015697 22.029621 344.289379 153.484803 90.967803 39.321954 47.476840 26.127516 5.605075 32.411860
2 2 18 60.470720 37.121331 63.044556 33.314523 471.549100 548.044717 77.973630 0.875258 51.290006 7.864572 6.080159 4.012676
2 2 19 70.000000 29.059547 86.378300 25.482619 380.583900 160.824671 0.000000 NaN 22.023662 31.530753 44.551302 20.319174
2 2 20 32.817262 47.264171 78.752435 25.097892 385.149234 164.305544 0.312069 NaN 21.357388 31.857901 52.906222 23.011193
3 1 1 52.314444 24.087302 446.493059 87.558743 440.178698 192.966182 67.919640 0.063269 54.071105 54.014105 64.439696 28.711804
3 1 2 64.545455 50.217585 173.240362 93.395787 380.271978 163.577995 83.879445 51.981682 149.858508 52.360333 66.597625 27.312231
3 1 3 71.818182 27.691885 169.064937 89.614809 431.386557 184.194422 0.000000 36.098340 138.582637 52.455568 57.390947 28.113308
3 1 4 70.000000 48.272851 185.156573 49.234831 377.637916 160.923497 90.967872 NaN 132.763398 53.559894 67.210790 28.512845
3 1 5 78.181818 40.192042 36.245520 80.577763 375.288394 163.948511 101.600431 NaN 32.614834 57.308976 63.898130 27.577123
3 1 6 73.340247 54.541943 201.117750 71.916271 390.177800 167.227655 87.874283 57.035711 145.761362 58.783193 72.720342 30.196423
3 1 7 65.454545 49.259907 21.353974 81.863937 356.380874 152.962038 85.060863 51.981677 31.535184 46.923726 63.757283 26.703438
3 1 8 77.300332 49.610778 20.202289 37.784467 345.217990 147.829676 99.237659 51.981643 30.272710 50.903423 60.918798 25.331916
3 1 9 64.545455 32.409055 8.097239 32.978495 0.000000 126.697324 0.000000 38.353597 932.826447 23.321711 0.000000 5.943762
3 2 1 68.181818 27.777778 162.825107 85.519530 420.612133 178.248352 0.000000 36.098434 82.072990 17.433597 49.571878 22.504186
3 2 2 70.909091 27.777778 147.077340 31.182742 355.832051 148.729757 92.149873 36.098370 119.534237 43.619079 49.424664 20.339450
3 2 3 76.363636 7.458246 36.629344 44.155359 471.038109 204.754874 99.237711 0.297763 443.116563 11.553243 54.890414 26.099919
3 2 4 67.272727 34.361581 71.781167 29.753855 331.869531 139.827003 87.423945 38.962901 149.818374 43.785551 45.304609 17.894142
3 2 5 78.181818 6.929396 159.468223 35.507525 322.772480 135.361029 101.600747 44.171917 97.062028 41.831858 47.746811 19.179371
3 2 6 67.272727 39.153892 151.465499 71.528452 330.336777 139.062888 87.426034 7.196738 101.114710 36.934274 47.668781 18.738678
3 2 7 78.168406 50.347203 146.956084 32.160499 335.190850 142.469825 101.600596 0.891855 103.521923 42.381942 51.271724 21.726925
3 2 8 68.181818 34.813721 131.587437 29.519613 285.219171 121.280885 0.000000 NaN 82.020549 40.474348 41.191356 15.726764
3 2 9 70.909091 6.346528 84.175910 23.682985 0.000000 194.934402 92.149239 0.228465 19.126771 30.456281 0.000000 8.173941
4 1 1 14.941999 28.700065 19.388210 43.646435 383.826660 168.130243 86.538980 37.053370 164.585623 47.080327 66.550512 28.858283
4 1 2 11.641257 54.576113 18.651182 38.910208 380.553047 164.311012 0.171558 NaN 191.049599 43.650772 72.761761 32.742271
4 1 3 65.206251 19.298439 198.449354 40.116998 392.026040 166.316400 85.060850 0.139154 145.686077 51.394966 66.795412 27.606287
4 1 4 71.818182 33.818305 3.783130 92.264281 399.849861 172.479605 0.000000 NaN 407.659991 54.513345 66.623011 30.225852
4 1 5 64.545455 40.292780 18.296561 82.975029 350.818477 152.570275 83.879499 51.981821 33.806184 47.386655 68.228520 28.525383
4 1 6 80.909091 8.977231 19.296969 43.703427 366.352518 161.059551 0.000000 0.539777 30.642305 53.069785 64.569817 29.379059
4 1 7 67.272727 14.208324 26.901340 43.490279 365.110011 159.919380 87.423647 0.705455 29.405900 53.735771 62.810706 28.057488
4 1 8 81.818182 5.852090 61.954662 47.170496 350.570027 151.781007 106.326285 43.292596 29.005681 47.751136 59.955711 25.560511
4 1 9 69.090909 13.233953 158.703417 36.103951 353.855982 154.154695 89.786435 0.685925 117.671082 55.260812 63.903195 28.166456
4 1 10 79.090909 7.400196 47.444668 34.556146 313.925413 135.296222 0.000000 0.111988 30.275514 50.753244 57.108998 23.532028
4 1 11 70.909091 6.334660 15.286202 36.469198 363.722697 155.304102 92.149225 0.125858 32.254742 55.535907 71.724540 31.648934
4 1 12 70.909091 30.414636 18.609247 37.505162 332.516994 145.078271 92.149298 NaN 30.995300 52.189348 56.489205 24.664357
4 1 13 63.636364 37.338985 111.758198 25.282869 477.437569 125.750526 0.000000 46.927912 54.173470 24.880231 20.200366 3.751680
4 1 14 64.545455 32.914054 134.559151 32.089109 411.348544 174.276593 83.879473 NaN 101.390950 25.239942 57.484285 27.286405
4 1 15 70.909091 6.558876 107.780416 23.806090 434.597790 162.870681 0.000000 0.485211 87.160199 30.750113 61.331043 28.703796
4 1 16 67.661271 10.617457 66.596351 2.108770 0.000000 112.725879 88.604979 0.114735 15.307988 35.827532 0.000000 33.789789
4 1 17 67.004026 6.663731 86.414582 18.149984 0.000000 108.469762 77.737371 0.205545 32.726072 22.049480 0.000000 23.923310
4 1 18 30.954045 29.794491 97.423580 25.587619 406.548559 169.838456 0.207661 37.077797 89.251562 33.691884 96.987682 26.369752
4 1 19 11.995931 60.064091 97.148454 23.134089 441.584822 199.802044 0.058334 35.037342 70.605378 30.944124 79.643038 38.049744
4 1 20 14.885235 51.456995 138.229535 37.154717 395.457700 169.467265 86.392600 0.573606 148.332648 27.975095 55.664095 25.335071
4 2 1 68.181818 41.803807 181.021610 33.011899 382.584900 164.417795 88.605218 NaN 108.895020 49.588981 58.253577 24.723649
4 2 2 70.909091 29.781635 96.698440 29.273597 436.657567 190.693900 0.000000 37.293409 36.426184 52.117031 60.133026 26.610300
4 2 3 80.000000 8.247448 196.915736 32.980951 397.363323 170.359715 103.963455 0.646711 114.632998 50.828874 57.995505 23.461208
4 2 4 65.869748 36.906377 157.515203 33.428111 358.678091 150.534921 87.424144 NaN 113.537261 41.202658 51.444393 21.353578
4 2 5 69.090909 34.903249 99.111936 73.146026 335.622803 144.467039 89.786613 NaN 25.959419 38.087352 50.072303 21.879890
4 2 6 72.947560 30.900670 138.346418 32.196668 354.411073 148.418981 90.971111 37.768671 105.997406 46.121946 50.144319 21.434668
4 2 7 80.000000 27.584182 98.417530 38.469238 358.170424 157.643613 103.963440 NaN 25.392197 46.425504 51.773585 22.988447
4 2 8 77.272727 39.060349 154.360960 32.247603 322.214280 136.301664 100.419307 NaN 97.727777 44.243896 46.654417 18.814308
4 2 9 84.545455 35.651854 151.901198 34.498084 302.415654 130.664444 109.870421 46.927917 88.528670 43.721775 45.918919 18.793230
4 2 10 72.582199 33.006295 119.069177 26.778988 273.415687 118.517432 95.693856 0.795918 76.092347 43.586471 42.988185 14.455811
4 2 11 77.654149 37.792793 126.949749 29.869450 332.181315 143.502408 100.419171 NaN 92.846448 51.093198 49.994995 21.846585
4 2 12 75.580992 6.101816 114.475112 32.115430 300.297738 128.049092 100.419188 41.148300 82.364299 42.458818 46.826419 18.098764
4 2 13 64.545455 39.892007 87.234801 56.849781 433.817626 127.373661 83.879467 5.696016 24.438023 31.553123 5.757229 3.957562
4 2 14 67.272727 43.947398 81.346433 24.215113 397.539272 174.384175 87.423653 46.930775 23.249242 32.810958 52.281483 22.607405
4 2 15 70.909091 7.862965 94.201803 23.554632 430.503485 179.700297 92.149225 0.305067 30.566061 29.157073 46.675125 21.204473
4 2 16 66.363636 41.238983 60.644401 23.145784 608.964195 257.802981 86.242212 46.927867 29.642450 36.765833 21.662361 14.573372
4 2 17 19.547159 30.524474 16.048764 33.212791 97.502218 723.436156 1.195648 NaN 235.975248 9.660061 5.786030 6.387493
4 2 18 21.999841 30.977441 61.462594 6.406645 411.225313 168.242523 92.158128 37.982200 32.442587 16.844145 24.339263 17.250496
4 2 19 74.545455 29.363047 85.253448 24.348202 390.312655 165.906392 96.874865 37.235864 23.743723 34.225659 48.648271 22.318085
4 2 20 67.904864 42.701960 116.720267 28.196046 396.459564 166.167993 89.786488 NaN 73.201272 31.736626 51.452435 22.371432
5 1 1 62.727273 26.276525 39.055135 98.032209 439.661618 193.500275 0.000000 36.098474 2860.033533 52.319241 65.055917 29.724562
5 1 2 66.363636 35.608646 168.497768 88.103366 394.179304 171.824513 86.242260 46.927914 142.086019 55.103646 75.104580 32.132154
5 1 3 12.279614 42.106787 42.810082 196.157857 449.641588 193.463902 0.242123 46.940856 2371.390183 29.074845 64.825165 30.569458
5 1 4 68.181818 35.585610 176.957076 90.841973 378.935454 163.829384 88.605081 46.927956 141.145273 50.540614 65.512215 27.855791
5 1 5 70.000000 7.197388 339.229038 77.594062 356.583545 151.247253 0.000000 0.322125 45.457609 47.391679 61.248939 25.323075
5 1 6 71.818182 7.932081 187.385392 78.320430 376.110082 160.241472 0.000000 0.178421 141.549832 54.126915 67.676657 29.461150
5 1 7 80.000000 37.276470 197.282646 52.122849 346.413412 147.841485 0.000000 46.928126 116.293387 47.849844 59.171296 24.613770
5 1 8 78.181818 9.514405 20.653312 38.831766 328.966546 141.854842 101.600511 0.185180 28.678856 51.555968 55.790184 23.325522
5 1 9 70.360988 40.221121 115.906483 30.109050 424.225277 187.907698 92.149219 51.981668 96.955686 30.557330 58.435494 27.936141
5 2 1 64.545455 8.360637 29.957399 39.727671 431.231448 181.866491 83.879513 0.336476 1126.217067 10.818385 50.837088 25.213159
5 2 2 65.454545 14.305902 139.974940 29.269098 404.623441 169.056452 85.060852 0.319416 150.740601 49.978428 62.837785 26.866187
5 2 3 66.523293 7.197038 32.106014 40.472085 434.221348 190.584930 87.423637 0.033037 602.680307 11.650237 67.608985 28.351073
5 2 4 71.963322 56.765462 9.835602 31.917796 350.645188 145.314063 93.330884 33.283707 164.648134 47.523709 48.182627 20.402921
5 2 5 80.909091 40.056240 50.315433 81.799634 334.672528 141.421789 105.144845 46.927901 27.898950 36.407889 52.441254 22.285213
5 2 6 70.909091 28.646699 70.561549 31.028787 359.597875 152.417340 92.149885 36.595868 153.902842 47.818725 52.790287 21.608052
5 2 7 69.090909 30.393610 151.803740 31.888486 324.401706 137.302519 89.787065 37.766649 98.857571 43.973057 47.819095 19.385020
5 2 8 68.181818 33.809753 103.099775 30.529183 324.594716 140.019999 88.605191 NaN 74.457074 45.541222 49.782387 21.784802
5 2 9 72.995457 10.977108 89.050927 42.164093 394.761223 166.496829 88.230927 0.267196 26.871517 14.498524 47.050225 19.589882
6 1 1 70.000000 7.055892 17.458578 47.050448 386.619822 164.140696 0.000000 44.845065 186.146298 42.308441 72.729448 30.238659
6 1 2 70.909091 38.464588 358.946274 62.295253 368.070176 154.055871 92.149343 NaN 62.160658 52.514766 70.057172 29.817640
6 1 3 70.909091 5.952611 197.550948 50.784965 385.871152 162.225863 0.000000 0.164488 140.739588 52.969218 76.653672 32.719389
6 1 4 76.363636 28.644047 3.852926 100.421784 389.570670 168.352901 99.237643 37.436854 462.426433 50.358264 71.254540 31.393197
6 1 5 74.545455 51.915139 21.880824 69.753030 354.686328 150.773366 96.874896 1.085324 35.338076 50.164068 62.254563 25.463982
6 1 6 73.636364 32.920848 17.696390 37.083959 350.326675 148.359812 95.693502 NaN 29.465920 50.688091 59.433201 25.126899
6 1 7 73.636364 31.512327 26.702402 43.934020 354.405413 150.934047 0.000000 38.585110 34.849935 51.366837 60.547466 25.997599
6 1 8 70.000000 15.287783 14.626462 46.902318 373.281833 162.550218 90.967854 0.126638 44.243487 53.857257 63.275045 27.808861
6 1 9 78.181818 34.664259 16.480122 38.750275 345.996278 148.918844 101.600460 46.928009 30.417256 51.887704 61.140870 26.093257
6 1 10 78.181818 39.723274 15.142016 36.080126 326.455635 138.216086 101.600478 46.927966 31.337470 49.971926 52.979755 21.879167
6 1 11 71.818182 13.618368 21.910389 36.234765 329.999191 142.326913 93.330676 0.129119 29.093665 52.396501 55.954543 23.949400
6 1 12 90.000000 35.806169 19.595453 43.042004 354.094970 154.076698 116.958652 46.927889 30.485136 51.993227 63.380633 26.500092
6 1 13 33.168148 43.754315 7.419473 38.840534 398.256629 166.883484 3.930117 NaN 521.960994 29.249705 56.177400 24.950625
6 1 14 68.181818 7.890416 41.432888 29.360822 447.748097 193.801211 88.605001 0.073277 176.704500 32.647251 65.008047 31.682105
6 1 15 61.665613 17.338462 103.399962 25.738368 418.445850 186.524831 85.060773 0.148045 89.867815 28.243589 59.394936 28.373964
6 1 16 63.636364 9.782243 112.549471 29.172300 506.509171 222.642014 0.000000 0.399552 85.808607 27.817659 48.465748 28.247711
6 1 17 70.393436 49.611187 96.236549 36.193783 0.000000 82.070701 91.496587 6.881584 66.757123 8.112500 0.000000 3.671014
6 1 18 70.000000 6.192259 122.671765 59.813566 447.885786 189.755740 90.967860 0.245426 87.974379 30.670577 41.956541 28.305025
6 1 19 64.545455 8.987694 4.055384 28.926990 411.691223 185.020572 83.879467 0.249202 646.067238 30.193989 56.742898 27.104160
6 1 20 66.363636 8.623026 75.777289 37.729893 438.824898 189.708726 86.242251 0.104356 158.023757 32.226483 71.834662 31.287057
6 2 1 69.090909 15.670406 8.901431 28.246829 392.337604 166.269826 89.786444 0.141943 3901.807656 45.661105 70.684161 28.832823
6 2 2 84.545455 15.576502 8.874064 36.124564 345.620082 144.711048 0.000000 0.246609 71.000113 45.870751 50.431479 20.892086
6 2 3 65.454545 29.360945 144.743306 28.878512 337.485006 144.098411 85.061076 36.888320 103.951124 46.346457 50.839564 20.553678
6 2 4 60.000000 33.658342 130.742081 27.187063 384.454450 167.847514 0.000000 38.983110 125.230146 49.275354 65.949625 30.235444
6 2 5 78.181818 47.371764 143.951927 30.590445 338.699429 142.193341 101.600462 NaN 102.883726 45.419974 54.409968 21.131947
6 2 6 82.727273 10.392604 137.419914 34.095604 358.364811 156.205632 0.000000 0.258302 106.409999 48.494521 52.848842 23.014656
6 2 7 87.272727 35.702833 37.788051 38.408271 352.043472 148.979309 0.000000 46.928007 32.157041 45.939041 53.461132 22.533463
6 2 8 61.818182 45.523952 138.698527 33.955023 368.903823 156.844928 0.000000 1.605674 111.403090 46.846051 59.731572 25.890141
6 2 9 72.666569 11.364004 102.672610 29.543825 324.386551 138.363028 94.512206 0.147789 83.243195 46.387314 48.151440 20.465286
6 2 10 67.272727 30.454250 112.227717 24.814277 282.777592 122.101097 0.000000 37.450374 79.110659 43.583834 41.803251 15.492701
6 2 11 83.159400 6.385507 102.890155 28.557481 293.433109 126.577804 106.332694 43.081646 84.161042 44.974753 41.915765 16.957750
6 2 12 87.360270 40.176334 169.985613 37.369766 317.380326 136.025275 115.781812 51.981639 87.483669 42.816396 45.007640 19.021071
6 2 13 66.363636 44.189398 82.307041 26.516177 378.208652 160.723367 86.242289 7.583836 20.784626 30.887291 49.301661 22.101593
6 2 14 93.159981 33.708711 80.794424 22.148759 435.610460 185.335586 NaN NaN 20.683590 33.780577 49.369076 23.968328
6 2 15 66.363636 34.752743 61.968028 20.119222 355.965723 157.923140 86.242245 NaN 25.660504 26.061389 29.972904 15.958275
6 2 16 78.181818 36.611966 102.231968 27.001993 177.451737 1211.999262 101.600450 46.927953 30.561476 40.020256 6.228201 25.975947
6 2 17 67.044219 5.862208 33.238826 25.696818 0.000000 342.357796 86.242259 0.071268 655.626599 11.390624 0.000000 361.035035
6 2 18 87.272727 0.000000 97.799930 44.484340 0.000000 103.267250 113.414545 10.000000 729.998987 1000.000000 0.000000 1000.000000
6 2 19 70.909091 32.222222 87.866073 22.724676 407.181565 174.682379 92.149241 41.874068 22.797639 32.077468 44.911280 20.221269
6 2 20 69.090909 29.092183 123.311577 27.886360 433.432767 183.330275 0.000000 36.804374 104.584093 33.170128 55.782611 23.416286
7 1 1 66.363636 37.073536 1.901206 41.431472 436.314382 185.710278 86.242289 46.928186 2238.137996 12.530583 63.184168 32.201041
7 1 2 34.937567 28.289402 4.647811 46.043625 386.075722 177.532234 3.411981 NaN 240.556516 46.450904 73.832130 33.908341
7 1 3 66.729290 25.043395 37.865717 41.385334 430.011059 184.176581 85.118611 0.832915 1662.729693 13.063145 61.311030 29.336887
7 1 4 62.727273 40.986692 361.691610 45.736263 369.750114 165.835660 0.000000 51.982762 56.805270 54.649977 61.847373 28.152992
7 1 5 73.636364 29.556359 101.027882 84.427267 373.796960 159.440107 95.693494 38.014930 32.072563 49.503583 66.971071 28.610218
7 1 6 77.272727 37.039907 187.960026 83.183261 397.298483 172.990895 0.000000 46.928118 151.779389 57.164965 67.661678 30.064205
7 1 7 63.639756 11.214982 1.031967 43.196066 384.817919 174.475168 82.698082 0.129414 158.186927 53.736345 73.239266 33.592406
7 1 8 72.489644 8.315591 12.680128 37.229514 356.744651 154.639806 90.968150 1.144912 32.656796 52.192372 63.561773 26.498954
7 1 9 59.369527 41.048419 52.139143 32.680856 425.204075 184.517482 76.791055 0.206217 107.448262 30.171511 56.283250 27.339800
7 2 1 10.731125 27.234174 144.314572 41.308317 432.774095 183.790417 0.162147 36.098337 107.842180 10.365290 52.812505 25.749756
7 2 2 59.090909 36.080977 138.847782 28.297690 337.619552 151.600704 0.000000 NaN 109.991580 47.103043 49.322718 21.464557
7 2 3 65.386847 9.673695 127.512386 40.250420 421.095443 179.635695 85.060925 0.276443 112.748982 11.041087 47.272917 22.908420
7 2 4 62.514339 15.096437 148.356492 31.090574 341.170431 154.445470 81.516775 0.908046 109.489673 47.443212 52.799256 23.721975
7 2 5 67.272727 35.465152 15.244517 29.982219 326.185936 138.311811 87.423820 NaN 129.675794 44.647850 50.739198 21.182870
7 2 6 6.838271 33.864815 136.516302 27.340997 413.000554 176.509602 0.269792 38.682876 135.595361 48.684345 60.451426 26.880228
7 2 7 74.545455 8.074338 135.059081 32.628867 321.267704 145.735822 0.000000 0.596115 96.223886 45.266339 49.589199 22.838520
7 2 8 0.266363 0.030035 32.184684 126.782930 305.349153 180.886968 0.966068 1.571715 56.948908 85.141519 60.638201 26.966997
7 2 9 70.909091 38.443830 88.319967 24.232798 451.335979 188.705960 92.149288 NaN 25.609012 33.067415 46.191896 21.606569
8 1 1 33.978347 34.029899 175.464642 45.071410 389.820380 177.148925 0.877574 NaN 112.074106 46.332216 72.426015 32.536049
8 1 2 65.454545 41.492897 59.443570 46.202030 374.900314 161.149464 85.060881 46.927921 93.200714 51.429192 66.129534 28.350966
8 1 3 66.363636 41.011612 9.910567 85.179402 370.065729 158.662442 0.000000 51.984056 216.650451 49.603768 67.677321 28.064948
8 1 4 73.636364 33.289965 175.706467 88.824944 370.219805 157.917734 95.693470 NaN 134.908276 48.198297 61.110532 26.388500
8 1 5 75.454545 49.179025 39.259652 87.486060 368.332230 156.784554 98.056273 0.925051 32.514476 47.330355 61.224500 27.653902
8 1 6 66.363636 36.815668 20.824245 41.681652 362.289011 157.613883 86.242287 46.928084 34.976501 47.695651 62.678099 28.306003
8 1 7 78.181818 10.069311 18.378747 46.134783 366.547472 161.039600 101.600475 2.734214 33.675211 51.536445 64.690347 28.517332
8 1 8 69.090909 35.473241 90.056939 39.307138 383.358462 163.494795 89.786437 46.927881 135.950776 50.400845 71.228961 30.639727
8 1 9 64.545455 41.390057 22.543290 38.406772 355.376741 156.484519 83.879455 46.927884 51.895657 53.131425 62.727387 27.766863
8 1 10 70.000000 11.185547 148.894757 37.549717 352.257356 155.570028 0.000000 0.262039 116.182068 55.893086 64.622830 29.512748
8 1 11 70.909091 9.848293 27.176334 36.200912 336.401204 142.427996 0.000000 0.200526 27.528940 51.315914 55.380021 23.414270
8 1 12 88.181818 37.009935 28.687287 38.526936 356.369050 156.416443 114.595868 46.927914 29.140622 52.056016 65.865434 28.655927
8 1 13 11.027615 35.249488 9.000008 44.129337 425.428025 181.504798 2.017304 NaN 1971.701785 29.193159 62.487503 29.977014
8 1 14 58.291370 7.815758 106.737395 66.859228 435.722102 186.516121 75.609629 0.920879 115.533112 37.846848 59.151139 28.839315
8 1 15 67.272727 41.922226 115.136100 59.979244 437.665526 186.773401 0.000000 46.927986 77.968870 25.169155 51.267912 27.450914
8 1 16 67.272727 25.788790 89.828337 42.834765 0.000000 2.748630 87.423660 0.920497 49.810059 15.834481 0.000000 28.876083
8 1 17 31.307995 36.408597 106.589128 52.838146 392.862152 103.101481 0.391220 39.837897 70.760788 26.333069 31.430106 22.699645
8 1 18 61.032918 55.457701 105.140630 32.301830 435.913141 192.963465 79.153858 0.089492 45.764429 29.004172 53.539053 24.273924
8 1 19 78.073633 17.488744 116.228207 35.107296 437.457465 188.382025 89.894182 2.048994 102.696439 47.402711 60.016035 28.920534
8 1 20 62.727273 37.271850 14.701320 33.726648 412.154562 175.771161 0.000000 NaN 1312.861171 27.825190 61.355669 28.111377
8 2 1 67.272727 6.267172 144.816878 32.024358 357.098204 158.175752 87.424084 43.466650 114.259049 47.921272 55.043658 25.103687
8 2 2 80.909091 9.765236 0.013883 31.331127 402.795515 169.185631 105.144795 1.811133 234.559703 49.316561 57.393256 25.353953
8 2 3 72.727273 50.378279 142.727514 30.622574 390.520176 165.720564 94.512454 1.138444 124.155790 46.375869 57.367843 25.279913
8 2 4 71.818182 11.741529 138.156779 29.854674 416.016335 175.321089 0.000000 0.718028 133.401520 46.206454 56.760321 25.655510
8 2 5 70.000000 7.322260 154.011248 33.426874 324.064066 139.424525 90.967970 0.143812 96.832787 42.034542 49.531764 21.089675
8 2 6 81.005871 12.404925 150.163930 33.610228 359.557299 154.558744 96.885315 1.129780 106.176421 45.517464 54.570841 23.957278
8 2 7 64.545455 11.882849 128.420309 29.702745 351.703711 151.748696 0.000000 0.199097 104.524210 45.414457 55.166921 23.922949
8 2 8 67.272727 7.494656 112.370302 33.593947 367.015502 156.211298 87.423662 43.318513 129.774541 45.994987 57.275994 25.287155
8 2 9 79.090909 11.081978 132.391437 70.774948 332.403862 143.631391 0.000000 0.323305 95.073838 34.033378 50.341178 21.804229
8 2 10 69.090909 6.668124 87.028726 29.374889 330.940787 142.160154 89.786607 2.200908 72.782606 47.696028 65.467631 20.942701
8 2 11 68.181818 55.569501 87.504254 27.967364 316.245088 133.840591 88.605362 47.098447 76.121644 44.567680 44.911748 18.990408
8 2 12 71.818182 6.455744 127.171450 65.778552 321.878008 139.115016 0.000000 0.499308 93.418460 32.521358 51.375186 20.972825
8 2 13 64.545455 33.754267 87.412648 30.804146 430.665949 183.816117 83.879467 41.874494 23.953219 36.024055 49.982297 22.972115
8 2 14 79.090909 33.129569 86.375076 22.938050 417.302108 175.990782 102.781879 NaN 21.609980 30.262163 45.143097 20.851619
8 2 15 67.272727 8.593142 52.019297 20.774615 521.127864 122.937328 87.423670 0.205434 29.633409 28.977192 7.231489 11.222929
8 2 16 67.542949 36.120642 66.062884 35.860008 0.000000 128.122051 87.423629 46.927909 12.859033 16.461194 0.000000 3.638740
8 2 17 61.818182 41.080845 45.507963 21.407188 404.805754 97.855230 0.000000 NaN 29.548493 30.249494 5.462017 5.895289
8 2 18 64.235587 41.265688 82.475418 23.323141 0.000000 113.774107 85.060839 51.981929 24.744094 28.865889 0.000000 12.874069
8 2 19 79.225667 13.051549 92.487355 26.477127 416.481303 177.343627 90.189195 27.247173 26.867361 34.298238 54.168778 24.149926
8 2 20 74.545455 49.965096 129.014483 32.626495 420.632727 183.517548 96.874841 51.981635 88.846156 34.516813 57.006805 25.973780
