1 1 1 417.495 1.200
1 1 2 1.742 1.200
1 1 3 0.367 1.200
1 1 4 177.247 1.200
1 1 5 33.211 1.200
1 1 6 176.322 1.200
1 1 7 23.448 1.200
1 1 8 32.037 1.200
1 1 9 111.013 1.200
1 2 1 36.179 2.650
1 2 2 155.601 2.650
1 2 3 33.947 2.650
1 2 4 143.214 2.650
1 2 5 150.959 2.650
1 2 6 134.765 2.650
1 2 7 81.068 2.650
1 2 8 137.271 2.650
1 2 9 57.339 2.650
2 1 1 9.344 1.200
2 1 2 388.253 1.200
2 1 3 365.509 1.200
2 1 4 190.552 1.200
2 1 5 176.909 1.200
2 1 6 18.839 1.200
2 1 7 100.226 1.200
2 1 8 35.378 1.200
2 1 9 140.426 1.200
2 1 10 126.165 1.200
2 1 11 19.836 1.200
2 1 12 360.209 1.200
2 1 13 139.043 1.200
2 1 14 162.867 1.200
2 1 15 100.638 1.200
2 1 16 95.549 1.200
2 1 17 87.985 1.200
2 1 18 115.115 1.200
2 1 19 31.456 1.200
2 1 20 116.248 1.200
2 2 1 154.124 2.650
2 2 2 143.945 2.650
2 2 3 134.830 2.650
2 2 4 181.911 2.650
2 2 5 150.039 2.650
2 2 6 148.005 2.650
2 2 7 108.205 2.650
2 2 8 148.186 2.650
2 2 9 125.202 2.650
2 2 10 31.666 2.650
2 2 11 102.990 2.650
2 2 12 102.767 2.650
2 2 13 114.520 2.650
2 2 14 88.750 2.650
2 2 15 83.992 2.650
2 2 16 84.297 2.650
2 2 17 90.016 2.650
2 2 18 63.045 2.650
2 2 19 86.378 2.650
2 2 20 78.752 2.650
3 1 1 446.493 1.200
3 1 2 173.240 1.200
3 1 3 169.065 1.200
3 1 4 185.157 1.200
3 1 5 36.246 1.200
3 1 6 201.118 1.200
3 1 7 21.354 1.200
3 1 8 20.202 1.200
3 1 9 8.097 1.200
3 2 1 162.825 2.650
3 2 2 147.077 2.650
3 2 3 36.629 2.650
3 2 4 71.781 2.650
3 2 5 159.468 2.650
3 2 6 151.465 2.650
3 2 7 146.956 2.650
3 2 8 131.587 2.650
3 2 9 84.176 2.650
4 1 1 19.388 1.200
4 1 2 18.651 1.200
4 1 3 198.449 1.200
4 1 4 3.783 1.200
4 1 5 18.297 1.200
4 1 6 19.297 1.200
4 1 7 26.901 1.200
4 1 8 61.955 1.200
4 1 9 158.703 1.200
4 1 10 47.445 1.200
4 1 11 15.286 1.200
4 1 12 18.609 1.200
4 1 13 111.758 1.200
4 1 14 134.559 1.200
4 1 15 107.780 1.200
4 1 16 66.596 1.200
4 1 17 86.415 1.200
4 1 18 97.424 1.200
4 1 19 97.148 1.200
4 1 20 138.230 1.200
4 2 1 181.022 2.650
4 2 2 96.698 2.650
4 2 3 196.916 2.650
4 2 4 157.515 2.650
4 2 5 99.112 2.650
4 2 6 138.346 2.650
4 2 7 98.418 2.650
4 2 8 154.361 2.650
4 2 9 151.901 2.650
4 2 10 119.069 2.650
4 2 11 126.950 2.650
4 2 12 114.475 2.650
4 2 13 87.235 2.650
4 2 14 81.346 2.650
4 2 15 94.202 2.650
4 2 16 60.644 2.650
4 2 17 16.049 2.650
4 2 18 61.463 2.650
4 2 19 85.253 2.650
4 2 20 116.720 2.650
5 1 1 39.055 1.200
5 1 2 168.498 1.200
5 1 3 42.810 1.200
5 1 4 176.957 1.200
5 1 5 339.229 1.200
5 1 6 187.385 1.200
5 1 7 197.283 1.200
5 1 8 20.653 1.200
5 1 9 115.906 1.200
5 2 1 29.957 2.650
5 2 2 139.975 2.650
5 2 3 32.106 2.650
5 2 4 9.836 2.650
5 2 5 50.315 2.650
5 2 6 70.562 2.650
5 2 7 151.804 2.650
5 2 8 103.100 2.650
5 2 9 89.051 2.650
6 1 1 17.459 1.200
6 1 2 358.946 1.200
6 1 3 197.551 1.200
6 1 4 3.853 1.200
6 1 5 21.881 1.200
6 1 6 17.696 1.200
6 1 7 26.702 1.200
6 1 8 14.626 1.200
6 1 9 16.480 1.200
6 1 10 15.142 1.200
6 1 11 21.910 1.200
6 1 12 19.595 1.200
6 1 13 7.419 1.200
6 1 14 41.433 1.200
6 1 15 103.400 1.200
6 1 16 112.549 1.200
6 1 17 96.237 1.200
6 1 18 122.672 1.200
6 1 19 4.055 1.200
6 1 20 75.777 1.200
6 2 1 8.901 2.650
6 2 2 8.874 2.650
6 2 3 144.743 2.650
6 2 4 130.742 2.650
6 2 5 143.952 2.650
6 2 6 137.420 2.650
6 2 7 37.788 2.650
6 2 8 138.699 2.650
6 2 9 102.673 2.650
6 2 10 112.228 2.650
6 2 11 102.890 2.650
6 2 12 169.986 2.650
6 2 13 82.307 2.650
6 2 14 80.794 2.650
6 2 15 61.968 2.650
6 2 16 102.232 2.650
6 2 17 33.239 2.650
6 2 18 97.800 2.650
6 2 19 87.866 2.650
6 2 20 123.312 2.650
7 1 1 1.901 1.200
7 1 2 4.648 1.200
7 1 3 37.866 1.200
7 1 4 361.692 1.200
7 1 5 101.028 1.200
7 1 6 187.960 1.200
7 1 7 1.032 1.200
7 1 8 12.680 1.200
7 1 9 52.139 1.200
7 2 1 144.315 2.650
7 2 2 138.848 2.650
7 2 3 127.512 2.650
7 2 4 148.356 2.650
7 2 5 15.245 2.650
7 2 6 136.516 2.650
7 2 7 135.059 2.650
7 2 8 32.185 2.650
7 2 9 88.320 2.650
8 1 1 175.465 1.200
8 1 2 59.444 1.200
8 1 3 9.911 1.200
8 1 4 175.706 1.200
8 1 5 39.260 1.200
8 1 6 20.824 1.200
8 1 7 18.379 1.200
8 1 8 90.057 1.200
8 1 9 22.543 1.200
8 1 10 148.895 1.200
8 1 11 27.176 1.200
8 1 12 28.687 1.200
8 1 13 9.000 1.200
8 1 14 106.737 1.200
8 1 15 115.136 1.200
8 1 16 89.828 1.200
8 1 17 106.589 1.200
8 1 18 105.141 1.200
8 1 19 116.228 1.200
8 1 20 14.701 1.200
8 2 1 144.817 2.650
8 2 2 0.014 2.650
8 2 3 142.728 2.650
8 2 4 138.157 2.650
8 2 5 154.011 2.650
8 2 6 150.164 2.650
8 2 7 128.420 2.650
8 2 8 112.370 2.650
8 2 9 132.391 2.650
8 2 10 87.029 2.650
8 2 11 87.504 2.650
8 2 12 127.171 2.650
8 2 13 87.413 2.650
8 2 14 86.375 2.650
8 2 15 52.019 2.650
8 2 16 66.063 2.650
8 2 17 45.508 2.650
8 2 18 82.475 2.650
8 2 19 92.487 2.650
8 2 20 129.014 2.650
