1 1 1 399.476 1.200
1 1 2 51.803 1.200
1 1 3 438.350 1.200
1 1 4 93.112 1.200
1 1 5 352.283 1.200
1 1 6 141.286 1.200
1 1 7 331.265 1.200
1 1 8 335.743 1.200
1 1 9 392.846 1.200
1 2 1 386.816 2.650
1 2 2 71.700 2.650
1 2 3 203.770 2.650
1 2 4 96.065 2.650
1 2 5 332.904 2.650
1 2 6 63.273 2.650
1 2 7 312.005 2.650
1 2 8 170.904 2.650
1 2 9 194.526 2.650
2 1 1 57.441 1.200
2 1 2 67.643 1.200
2 1 3 70.519 1.200
2 1 4 71.748 1.200
2 1 5 366.632 1.200
2 1 6 371.504 1.200
2 1 7 442.587 1.200
2 1 8 350.943 1.200
2 1 9 355.267 1.200
2 1 10 347.117 1.200
2 1 11 321.928 1.200
2 1 12 354.781 1.200
2 1 13 422.418 1.200
2 1 14 397.488 1.200
2 1 15 293.882 1.200
2 1 16 121.456 1.200
2 1 17 0.006 1.200
2 1 18 1.361 1.200
2 1 19 333.057 1.200
2 1 20 209.818 1.200
2 2 1 57.357 2.650
2 2 2 54.077 2.650
2 2 3 385.734 2.650
2 2 4 371.378 2.650
2 2 5 430.595 2.650
2 2 6 347.548 2.650
2 2 7 107.742 2.650
2 2 8 372.978 2.650
2 2 9 287.993 2.650
2 2 10 280.979 2.650
2 2 11 191.568 2.650
2 2 12 152.371 2.650
2 2 13 378.514 2.650
2 2 14 136.407 2.650
2 2 15 157.580 2.650
2 2 16 0.000 2.650
2 2 17 88.215 2.650
2 2 18 92.473 2.650
2 2 19 367.428 2.650
2 2 20 375.533 2.650
3 1 1 435.608 1.200
3 1 2 378.195 1.200
3 1 3 428.596 1.200
3 1 4 141.465 1.200
3 1 5 371.115 1.200
3 1 6 114.201 1.200
3 1 7 351.995 1.200
3 1 8 340.569 1.200
3 1 9 0.000 1.200
3 2 1 309.009 2.650
3 2 2 89.844 2.650
3 2 3 460.387 2.650
3 2 4 334.217 2.650
3 2 5 317.942 2.650
3 2 6 65.713 2.650
3 2 7 329.650 2.650
3 2 8 149.097 2.650
3 2 9 101.626 2.650
4 1 1 87.252 1.200
4 1 2 32.084 1.200
4 1 3 84.270 1.200
4 1 4 394.786 1.200
4 1 5 345.295 1.200
4 1 6 446.443 1.200
4 1 7 360.872 1.200
4 1 8 390.123 1.200
4 1 9 349.517 1.200
4 1 10 307.222 1.200
4 1 11 346.827 1.200
4 1 12 327.715 1.200
4 1 13 0.251 1.200
4 1 14 159.260 1.200
4 1 15 433.180 1.200
4 1 16 218.128 1.200
4 1 17 150.499 1.200
4 1 18 297.720 1.200
4 1 19 430.556 1.200
4 1 20 388.249 1.200
4 2 1 44.755 2.650
4 2 2 432.249 2.650
4 2 3 393.797 2.650
4 2 4 355.589 2.650
4 2 5 330.739 2.650
4 2 6 350.528 2.650
4 2 7 353.486 2.650
4 2 8 273.654 2.650
4 2 9 294.660 2.650
4 2 10 265.240 2.650
4 2 11 325.942 2.650
4 2 12 360.207 2.650
4 2 13 0.075 2.650
4 2 14 255.242 2.650
4 2 15 271.972 2.650
4 2 16 97.144 2.650
4 2 17 77.022 2.650
4 2 18 167.295 2.650
4 2 19 202.152 2.650
4 2 20 389.887 2.650
5 1 1 486.284 1.200
5 1 2 9.755 1.200
5 1 3 455.733 1.200
5 1 4 56.766 1.200
5 1 5 417.577 1.200
5 1 6 92.506 1.200
5 1 7 450.777 1.200
5 1 8 323.268 1.200
5 1 9 263.935 1.200
5 2 1 424.986 2.650
5 2 2 43.073 2.650
5 2 3 421.666 2.650
5 2 4 347.524 2.650
5 2 5 329.726 2.650
5 2 6 357.376 2.650
5 2 7 288.852 2.650
5 2 8 160.328 2.650
5 2 9 71.213 2.650
6 1 1 81.225 1.200
6 1 2 144.327 1.200
6 1 3 33.156 1.200
6 1 4 49.369 1.200
6 1 5 349.906 1.200
6 1 6 345.589 1.200
6 1 7 349.071 1.200
6 1 8 368.253 1.200
6 1 9 339.261 1.200
6 1 10 320.470 1.200
6 1 11 324.802 1.200
6 1 12 339.552 1.200
6 1 13 143.408 1.200
6 1 14 436.532 1.200
6 1 15 0.000 1.200
6 1 16 502.391 1.200
6 1 17 0.000 1.200
6 1 18 416.232 1.200
6 1 19 401.018 1.200
6 1 20 142.133 1.200
6 2 1 25.357 2.650
6 2 2 48.459 2.650
6 2 3 22.016 2.650
6 2 4 376.680 2.650
6 2 5 201.024 2.650
6 2 6 179.209 2.650
6 2 7 404.325 2.650
6 2 8 361.902 2.650
6 2 9 333.236 2.650
6 2 10 94.655 2.650
6 2 11 365.141 2.650
6 2 12 312.645 2.650
6 2 13 372.514 2.650
6 2 14 265.409 2.650
6 2 15 140.339 2.650
6 2 16 0.169 2.650
6 2 17 97.692 2.650
6 2 18 229.592 2.650
6 2 19 133.613 2.650
6 2 20 129.218 2.650
7 1 1 430.224 1.200
7 1 2 60.310 1.200
7 1 3 427.119 1.200
7 1 4 134.883 1.200
7 1 5 368.994 1.200
7 1 6 129.823 1.200
7 1 7 379.600 1.200
7 1 8 348.950 1.200
7 1 9 402.486 1.200
7 2 1 274.525 2.650
7 2 2 59.780 2.650
7 2 3 416.769 2.650
7 2 4 58.395 2.650
7 2 5 350.060 2.650
7 2 6 409.196 2.650
7 2 7 149.622 2.650
7 2 8 298.380 2.650
7 2 9 426.578 2.650
8 1 1 38.989 1.200
8 1 2 370.977 1.200
8 1 3 49.049 1.200
8 1 4 44.827 1.200
8 1 5 364.488 1.200
8 1 6 357.818 1.200
8 1 7 435.029 1.200
8 1 8 461.111 1.200
8 1 9 354.987 1.200
8 1 10 341.735 1.200
8 1 11 395.915 1.200
8 1 12 336.717 1.200
8 1 13 237.981 1.200
8 1 14 176.270 1.200
8 1 15 223.465 1.200
8 1 16 148.335 1.200
8 1 17 170.347 1.200
8 1 18 403.254 1.200
8 1 19 426.648 1.200
8 1 20 226.488 1.200
8 2 1 47.420 2.650
8 2 2 397.541 2.650
8 2 3 82.727 2.650
8 2 4 56.741 2.650
8 2 5 364.757 2.650
8 2 6 297.134 2.650
8 2 7 345.685 2.650
8 2 8 360.287 2.650
8 2 9 215.801 2.650
8 2 10 316.028 2.650
8 2 11 308.961 2.650
8 2 12 312.696 2.650
8 2 13 154.825 2.650
8 2 14 192.991 2.650
8 2 15 147.251 2.650
8 2 16 109.465 2.650
8 2 17 87.619 2.650
8 2 18 181.726 2.650
8 2 19 241.471 2.650
8 2 20 173.346 2.650
