1 1 1 88.250 1.000 17.282 27.514 2.500
1 1 2 100.625 0.383 72.598 28.913 2.500
1 1 3 221.293 0.656 39.613 27.020 2.500
1 1 4 135.624 2.451 64.545 29.012 2.500
1 1 5 145.293 3.000 73.636 11.175 2.500
1 1 6 213.479 2.828 20.306 32.238 2.500
1 1 7 193.648 3.000 73.636 40.014 2.500
1 1 8 168.076 3.000 70.000 7.244 2.500
1 1 9 148.525 2.197 73.636 43.915 2.500
1 2 1 202.162 1.137 18.533 17.436 2.500
1 2 2 204.119 1.983 68.182 10.928 2.500
1 2 3 235.939 1.250 30.479 43.945 2.500
1 2 4 208.645 3.000 125.075 28.001 2.500
1 2 5 182.550 3.000 68.182 34.056 2.500
1 2 6 166.487 3.000 69.091 35.513 2.500
1 2 7 204.274 3.000 115.053 27.298 2.500
1 2 8 202.037 3.000 73.636 16.635 2.500
1 2 9 210.457 1.890 60.000 43.546 2.500
2 1 1 161.529 3.000 74.935 40.921 2.500
2 1 2 191.818 3.000 74.545 40.052 2.500
2 1 3 204.607 3.000 63.636 50.955 2.500
2 1 4 192.525 3.000 75.455 52.250 2.500
2 1 5 204.139 3.000 75.455 37.531 2.500
2 1 6 182.564 3.000 70.000 52.286 2.500
2 1 7 174.455 3.000 80.909 14.388 2.500
2 1 8 218.747 3.000 70.909 6.661 2.500
2 1 9 206.136 3.000 63.636 36.505 2.500
2 1 10 205.055 3.000 70.000 16.295 2.500
2 1 11 209.884 3.000 71.818 5.792 2.500
2 1 12 195.489 3.000 74.545 28.939 2.500
2 1 13 197.539 2.628 70.345 11.854 2.500
2 1 14 181.668 2.616 70.909 10.411 2.500
2 1 15 210.927 2.140 64.545 39.688 2.500
2 1 16 208.547 0.834 37.854 7.727 2.500
2 1 17 204.263 1.829 60.000 29.027 2.500
2 1 18 209.517 2.274 65.455 44.192 2.500
2 1 19 208.073 2.627 70.909 10.655 2.500
2 1 20 222.426 1.887 70.909 7.340 2.500
2 2 1 193.192 2.527 69.091 32.421 2.500
2 2 2 218.007 3.000 68.182 6.706 2.500
2 2 3 208.808 3.000 70.909 30.812 2.500
2 2 4 183.056 2.897 65.455 7.320 2.500
2 2 5 174.244 3.000 72.727 40.480 2.500
2 2 6 214.696 3.000 75.455 6.816 2.500
2 2 7 194.286 2.904 68.182 30.156 2.500
2 2 8 190.971 2.986 67.273 39.455 2.500
2 2 9 203.837 3.000 70.909 35.824 2.500
2 2 10 223.630 3.000 0.102 -0.117 2.500
2 2 11 199.457 3.000 84.545 31.406 2.500
2 2 12 217.451 3.000 76.364 8.410 2.500
2 2 13 209.075 2.433 64.545 6.545 2.500
2 2 14 204.644 1.742 70.909 32.211 2.500
2 2 15 213.963 1.804 63.636 29.942 2.500
2 2 16 209.904 1.839 69.091 52.760 2.500
2 2 17 200.404 2.017 70.000 27.473 2.500
2 2 18 186.948 0.993 60.471 37.121 2.500
2 2 19 207.208 2.115 70.000 29.060 2.500
2 2 20 204.529 1.588 32.817 47.264 2.500
3 1 1 203.962 0.783 52.314 24.087 2.500
3 1 2 190.894 2.993 64.545 50.218 2.500
3 1 3 178.010 1.248 71.818 27.692 2.500
3 1 4 175.671 3.000 70.000 48.273 2.500
3 1 5 189.648 3.000 78.182 40.192 2.500
3 1 6 208.052 2.998 73.340 54.542 2.500
3 1 7 204.661 3.000 65.455 49.260 2.500
3 1 8 204.622 3.000 77.300 49.611 2.500
3 1 9 223.594 2.246 64.545 32.409 2.500
3 2 1 212.248 0.592 68.182 27.778 2.500
3 2 2 236.318 2.830 70.909 27.778 2.500
3 2 3 180.877 1.314 76.364 7.458 2.500
3 2 4 149.806 2.415 67.273 34.362 2.500
3 2 5 198.307 3.000 78.182 6.929 2.500
3 2 6 204.942 2.119 67.273 39.154 2.500
3 2 7 197.181 3.000 78.168 50.347 2.500
3 2 8 236.711 3.000 68.182 34.814 2.500
3 2 9 177.843 2.165 70.909 6.347 2.500
4 1 1 217.983 2.948 14.942 28.700 2.500
4 1 2 190.541 3.000 11.641 54.576 2.500
4 1 3 236.780 1.826 65.206 19.298 2.500
4 1 4 178.302 2.435 71.818 33.818 2.500
4 1 5 183.921 3.000 64.545 40.293 2.500
4 1 6 188.812 3.000 80.909 8.977 2.500
4 1 7 189.622 3.000 67.273 14.208 2.500
4 1 8 195.374 3.000 81.818 5.852 2.500
4 1 9 199.369 3.000 69.091 13.234 2.500
4 1 10 194.571 3.000 79.091 7.400 2.500
4 1 11 204.230 3.000 70.909 6.335 2.500
4 1 12 179.630 3.000 70.909 30.415 2.500
4 1 13 227.024 2.745 63.636 37.339 2.500
4 1 14 222.402 1.431 64.545 32.914 2.500
4 1 15 205.807 2.163 70.909 6.559 2.500
4 1 16 201.820 1.722 67.661 10.617 2.500
4 1 17 214.815 1.536 67.004 6.664 2.500
4 1 18 168.801 1.927 30.954 29.794 2.500
4 1 19 208.336 2.778 11.996 60.064 2.500
4 1 20 214.110 1.710 14.885 51.457 2.500
4 2 1 188.525 2.966 68.182 41.804 2.500
4 2 2 240.490 3.000 70.909 29.782 2.500
4 2 3 200.617 3.000 80.000 8.247 2.500
4 2 4 196.028 2.131 65.870 36.906 2.500
4 2 5 195.093 3.000 69.091 34.903 2.500
4 2 6 174.652 3.000 72.948 30.901 2.500
4 2 7 185.409 3.000 80.000 27.584 2.500
4 2 8 203.045 3.000 77.273 39.060 2.500
4 2 9 173.886 3.000 84.545 35.652 2.500
4 2 10 234.934 3.000 72.582 33.006 2.500
4 2 11 175.747 3.000 77.654 37.793 2.500
4 2 12 174.899 3.000 75.581 6.102 2.500
4 2 13 202.593 2.599 64.545 39.892 2.500
4 2 14 206.512 2.113 67.273 43.947 2.500
4 2 15 204.150 1.654 70.909 7.863 2.500
4 2 16 199.204 2.987 66.364 41.239 2.500
4 2 17 196.289 0.843 19.547 30.524 2.500
4 2 18 227.506 2.149 22.000 30.977 2.500
4 2 19 185.771 1.498 74.545 29.363 2.500
4 2 20 229.638 2.291 67.905 42.702 2.500
5 1 1 222.370 0.918 62.727 26.277 2.500
5 1 2 196.121 3.000 66.364 35.609 2.500
5 1 3 205.860 1.507 12.280 42.107 2.500
5 1 4 169.908 3.000 68.182 35.586 2.500
5 1 5 193.035 3.000 70.000 7.197 2.500
5 1 6 197.611 3.000 71.818 7.932 2.500
5 1 7 191.122 3.000 80.000 37.276 2.500
5 1 8 203.403 3.000 78.182 9.514 2.500
5 1 9 186.152 1.596 70.361 40.221 2.500
5 2 1 228.856 1.171 64.545 8.361 2.500
5 2 2 165.943 3.000 65.455 14.306 2.500
5 2 3 212.688 0.657 66.523 7.197 2.500
5 2 4 195.157 2.323 71.963 56.765 2.500
5 2 5 148.852 3.000 80.909 40.056 2.500
5 2 6 160.284 2.594 70.909 28.647 2.500
5 2 7 171.324 3.000 69.091 30.394 2.500
5 2 8 201.662 3.000 68.182 33.810 2.500
5 2 9 192.166 1.914 72.995 10.977 2.500
6 1 1 205.307 3.000 70.000 7.056 2.500
6 1 2 184.029 1.954 70.909 38.465 2.500
6 1 3 210.803 3.000 70.909 5.953 2.500
6 1 4 196.077 2.770 76.364 28.644 2.500
6 1 5 210.320 3.000 74.545 51.915 2.500
6 1 6 223.188 3.000 73.636 32.921 2.500
6 1 7 165.371 3.000 73.636 31.512 2.500
6 1 8 270.070 3.000 70.000 15.288 2.500
6 1 9 198.615 3.000 78.182 34.664 2.500
6 1 10 168.359 3.000 78.182 39.723 2.500
6 1 11 187.025 3.000 71.818 13.618 2.500
6 1 12 206.789 3.000 90.000 35.806 2.500
6 1 13 223.250 1.070 33.168 43.754 2.500
6 1 14 174.340 2.063 68.182 7.890 2.500
6 1 15 220.598 1.897 61.666 17.338 2.500
6 1 16 203.944 1.690 63.636 9.782 2.500
6 1 17 229.742 2.000 70.393 49.611 2.500
6 1 18 208.698 2.579 70.000 6.192 2.500
6 1 19 174.209 1.861 64.545 8.988 2.500
6 1 20 192.442 3.000 66.364 8.623 2.500
6 2 1 177.540 2.353 69.091 15.670 2.500
6 2 2 191.800 2.497 84.545 15.577 2.500
6 2 3 206.856 2.758 65.455 29.361 2.500
6 2 4 222.211 2.279 60.000 33.658 2.500
6 2 5 198.704 3.000 78.182 47.372 2.500
6 2 6 182.905 3.000 82.727 10.393 2.500
6 2 7 157.022 3.000 87.273 35.703 2.500
6 2 8 187.587 3.000 61.818 45.524 2.500
6 2 9 191.986 3.000 72.667 11.364 2.500
6 2 10 180.878 3.000 67.273 30.454 2.500
6 2 11 213.796 3.000 83.159 6.386 2.500
6 2 12 156.510 3.000 87.360 40.176 2.500
6 2 13 209.074 2.468 66.364 44.189 2.500
6 2 14 208.682 2.570 93.160 33.709 2.500
6 2 15 200.726 1.968 66.364 34.753 2.500
6 2 16 195.715 2.966 78.182 36.612 2.500
6 2 17 204.256 0.730 67.044 5.862 2.500
6 2 18 216.113 2.236 87.273 0.000 2.500
6 2 19 189.148 2.227 70.909 32.222 2.500
6 2 20 175.701 2.051 69.091 29.092 2.500
7 1 1 185.357 0.580 66.364 37.074 2.500
7 1 2 222.708 2.781 34.938 28.289 2.500
7 1 3 200.174 1.306 66.729 25.043 2.500
7 1 4 206.360 2.994 62.727 40.987 2.500
7 1 5 186.230 3.000 73.636 29.556 2.500
7 1 6 184.603 3.000 77.273 37.040 2.500
7 1 7 185.945 3.000 63.640 11.215 2.500
7 1 8 198.619 3.000 72.490 8.316 2.500
7 1 9 191.005 2.489 59.370 41.048 2.500
7 2 1 192.634 1.228 10.731 27.234 2.500
7 2 2 214.889 2.341 59.091 36.081 2.500
7 2 3 188.872 1.339 65.387 9.674 2.500
7 2 4 220.706 2.747 62.514 15.096 2.500
7 2 5 219.231 3.000 67.273 35.465 2.500
7 2 6 208.786 2.449 6.838 33.865 2.500
7 2 7 193.921 3.000 74.545 8.074 2.500
7 2 8 201.105 3.000 0.266 0.030 2.500
7 2 9 196.408 1.936 70.909 38.444 2.500
8 1 1 191.813 3.000 33.978 34.030 2.500
8 1 2 208.085 2.583 65.455 41.493 2.500
8 1 3 236.312 3.000 66.364 41.012 2.500
8 1 4 166.941 3.000 73.636 33.290 2.500
8 1 5 177.580 3.000 75.455 49.179 2.500
8 1 6 169.252 3.000 66.364 36.816 2.500
8 1 7 363.894 3.000 78.182 10.069 2.500
8 1 8 187.454 3.000 69.091 35.473 2.500
8 1 9 198.473 3.000 64.545 41.390 2.500
8 1 10 197.101 3.000 70.000 11.186 2.500
8 1 11 196.810 3.000 70.909 9.848 2.500
8 1 12 202.910 3.000 88.182 37.010 2.500
8 1 13 194.770 2.006 11.028 35.249 2.500
8 1 14 176.591 1.415 58.291 7.816 2.500
8 1 15 185.986 1.223 67.273 41.922 2.500
8 1 16 228.543 1.617 67.273 25.789 2.500
8 1 17 172.207 2.479 31.308 36.409 2.500
8 1 18 215.147 2.203 61.033 55.458 2.500
8 1 19 190.156 2.414 78.074 17.489 2.500
8 1 20 168.845 1.643 62.727 37.272 2.500
8 2 1 222.023 2.118 67.273 6.267 2.500
8 2 2 169.838 3.000 80.909 9.765 2.500
8 2 3 167.938 3.000 72.727 50.378 2.500
8 2 4 173.502 3.000 71.818 11.742 2.500
8 2 5 210.692 3.000 70.000 7.322 2.500
8 2 6 218.422 3.000 81.006 12.405 2.500
8 2 7 195.870 3.000 64.545 11.883 2.500
8 2 8 187.689 3.000 67.273 7.495 2.500
8 2 9 163.787 3.000 79.091 11.082 2.500
8 2 10 195.720 3.000 69.091 6.668 2.500
8 2 11 185.966 3.000 68.182 55.570 2.500
8 2 12 219.160 3.000 71.818 6.456 2.500
8 2 13 224.197 2.260 64.545 33.754 2.500
8 2 14 170.000 2.052 79.091 33.130 2.500
8 2 15 196.130 2.358 67.273 8.593 2.500
8 2 16 188.900 1.459 67.543 36.121 2.500
8 2 17 206.961 2.318 61.818 41.081 2.500
8 2 18 206.535 2.264 64.236 41.266 2.500
8 2 19 228.487 1.769 79.226 13.052 2.500
8 2 20 209.956 1.654 74.545 49.965 2.500
