1 1 1 403.598 1.200
1 1 2 364.103 1.200
1 1 3 444.314 1.200
1 1 4 392.671 1.200
1 1 5 357.887 1.200
1 1 6 391.189 1.200
1 1 7 378.127 1.200
1 1 8 341.996 1.200
1 1 9 411.744 1.200
1 2 1 393.677 2.650
1 2 2 356.217 2.650
1 2 3 391.862 2.650
1 2 4 403.853 2.650
1 2 5 337.057 2.650
1 2 6 409.752 2.650
1 2 7 328.677 2.650
1 2 8 306.198 2.650
1 2 9 397.108 2.650
2 1 1 406.948 1.200
2 1 2 389.552 1.200
2 1 3 374.847 1.200
2 1 4 377.755 1.200
2 1 5 373.396 1.200
2 1 6 375.583 1.200
2 1 7 364.923 1.200
2 1 8 354.720 1.200
2 1 9 363.914 1.200
2 1 10 343.147 1.200
2 1 11 328.811 1.200
2 1 12 363.815 1.200
2 1 13 432.973 1.200
2 1 14 407.842 1.200
2 1 15 428.781 1.200
2 1 16 0.000 1.200
2 1 17 448.080 1.200
2 1 18 394.151 1.200
2 1 19 435.052 1.200
2 1 20 437.416 1.200
2 2 1 381.583 2.650
2 2 2 384.069 2.650
2 2 3 389.812 2.650
2 2 4 376.055 2.650
2 2 5 355.859 2.650
2 2 6 355.382 2.650
2 2 7 304.022 2.650
2 2 8 332.844 2.650
2 2 9 301.250 2.650
2 2 10 292.865 2.650
2 2 11 291.123 2.650
2 2 12 290.340 2.650
2 2 13 384.586 2.650
2 2 14 430.727 2.650
2 2 15 458.530 2.650
2 2 16 5862.668 2.650
2 2 17 344.289 2.650
2 2 18 471.549 2.650
2 2 19 380.584 2.650
2 2 20 385.149 2.650
3 1 1 440.179 1.200
3 1 2 380.272 1.200
3 1 3 431.387 1.200
3 1 4 377.638 1.200
3 1 5 375.288 1.200
3 1 6 390.178 1.200
3 1 7 356.381 1.200
3 1 8 345.218 1.200
3 1 9 0.000 1.200
3 2 1 420.612 2.650
3 2 2 355.832 2.650
3 2 3 471.038 2.650
3 2 4 331.870 2.650
3 2 5 322.772 2.650
3 2 6 330.337 2.650
3 2 7 335.191 2.650
3 2 8 285.219 2.650
3 2 9 0.000 2.650
4 1 1 383.827 1.200
4 1 2 380.553 1.200
4 1 3 392.026 1.200
4 1 4 399.850 1.200
4 1 5 350.818 1.200
4 1 6 366.353 1.200
4 1 7 365.110 1.200
4 1 8 350.570 1.200
4 1 9 353.856 1.200
4 1 10 313.925 1.200
4 1 11 363.723 1.200
4 1 12 332.517 1.200
4 1 13 477.438 1.200
4 1 14 411.349 1.200
4 1 15 434.598 1.200
4 1 16 0.000 1.200
4 1 17 0.000 1.200
4 1 18 406.549 1.200
4 1 19 441.585 1.200
4 1 20 395.458 1.200
4 2 1 382.585 2.650
4 2 2 436.658 2.650
4 2 3 397.363 2.650
4 2 4 358.678 2.650
4 2 5 335.623 2.650
4 2 6 354.411 2.650
4 2 7 358.170 2.650
4 2 8 322.214 2.650
4 2 9 302.416 2.650
4 2 10 273.416 2.650
4 2 11 332.181 2.650
4 2 12 300.298 2.650
4 2 13 433.818 2.650
4 2 14 397.539 2.650
4 2 15 430.503 2.650
4 2 16 608.964 2.650
4 2 17 97.502 2.650
4 2 18 411.225 2.650
4 2 19 390.313 2.650
4 2 20 396.460 2.650
5 1 1 439.662 1.200
5 1 2 394.179 1.200
5 1 3 449.642 1.200
5 1 4 378.935 1.200
5 1 5 356.584 1.200
5 1 6 376.110 1.200
5 1 7 346.413 1.200
5 1 8 328.967 1.200
5 1 9 424.225 1.200
5 2 1 431.231 2.650
5 2 2 404.623 2.650
5 2 3 434.221 2.650
5 2 4 350.645 2.650
5 2 5 334.673 2.650
5 2 6 359.598 2.650
5 2 7 324.402 2.650
5 2 8 324.595 2.650
5 2 9 394.761 2.650
6 1 1 386.620 1.200
6 1 2 368.070 1.200
6 1 3 385.871 1.200
6 1 4 389.571 1.200
6 1 5 354.686 1.200
6 1 6 350.327 1.200
6 1 7 354.405 1.200
6 1 8 373.282 1.200
6 1 9 345.996 1.200
6 1 10 326.456 1.200
6 1 11 329.999 1.200
6 1 12 354.095 1.200
6 1 13 398.257 1.200
6 1 14 447.748 1.200
6 1 15 418.446 1.200
6 1 16 506.509 1.200
6 1 17 0.000 1.200
6 1 18 447.886 1.200
6 1 19 411.691 1.200
6 1 20 438.825 1.200
6 2 1 392.338 2.650
6 2 2 345.620 2.650
6 2 3 337.485 2.650
6 2 4 384.454 2.650
6 2 5 338.699 2.650
6 2 6 358.365 2.650
6 2 7 352.043 2.650
6 2 8 368.904 2.650
6 2 9 324.387 2.650
6 2 10 282.778 2.650
6 2 11 293.433 2.650
6 2 12 317.380 2.650
6 2 13 378.209 2.650
6 2 14 435.610 2.650
6 2 15 355.966 2.650
6 2 16 177.452 2.650
6 2 17 0.000 2.650
6 2 18 0.000 2.650
6 2 19 407.182 2.650
6 2 20 433.433 2.650
7 1 1 436.314 1.200
7 1 2 386.076 1.200
7 1 3 430.011 1.200
7 1 4 369.750 1.200
7 1 5 373.797 1.200
7 1 6 397.298 1.200
7 1 7 384.818 1.200
7 1 8 356.745 1.200
7 1 9 425.204 1.200
7 2 1 432.774 2.650
7 2 2 337.620 2.650
7 2 3 421.095 2.650
7 2 4 341.170 2.650
7 2 5 326.186 2.650
7 2 6 413.001 2.650
7 2 7 321.268 2.650
7 2 8 305.349 2.650
7 2 9 451.336 2.650
8 1 1 389.820 1.200
8 1 2 374.900 1.200
8 1 3 370.066 1.200
8 1 4 370.220 1.200
8 1 5 368.332 1.200
8 1 6 362.289 1.200
8 1 7 366.547 1.200
8 1 8 383.358 1.200
8 1 9 355.377 1.200
8 1 10 352.257 1.200
8 1 11 336.401 1.200
8 1 12 356.369 1.200
8 1 13 425.428 1.200
8 1 14 435.722 1.200
8 1 15 437.666 1.200
8 1 16 0.000 1.200
8 1 17 392.862 1.200
8 1 18 435.913 1.200
8 1 19 437.457 1.200
8 1 20 412.155 1.200
8 2 1 357.098 2.650
8 2 2 402.796 2.650
8 2 3 390.520 2.650
8 2 4 416.016 2.650
8 2 5 324.064 2.650
8 2 6 359.557 2.650
8 2 7 351.704 2.650
8 2 8 367.016 2.650
8 2 9 332.404 2.650
8 2 10 330.941 2.650
8 2 11 316.245 2.650
8 2 12 321.878 2.650
8 2 13 430.666 2.650
8 2 14 417.302 2.650
8 2 15 521.128 2.650
8 2 16 0.000 2.650
8 2 17 404.806 2.650
8 2 18 0.000 2.650
8 2 19 416.481 2.650
8 2 20 420.633 2.650
